Run: unet_mit_b5_40ep_20260911_010428
Date: 2026-09-11 01:04:28
Hardware: {'device': 'cuda', 'n_gpus': 1, 'gpu_name': 'Tesla V100-SXM2-32GB', 'cuda_version': '12.4'}
Config: {
  "train_dir": "data/jaipur_weak_erode/train",
  "val_dir": "data/jaipur_weak/val",
  "cache_ram": true,
  "max_samples": null,
  "train_csv": null,
  "val_csv": null,
  "image_dir": null,
  "mask_dir": null,
  "arch": "unet",
  "encoder": "mit_b5",
  "encoder_weights": "imagenet",
  "epochs": 40,
  "batch_size": 8,
  "lr": 0.0001,
  "threshold": 0.5,
  "patience": 15,
  "workers": 3,
  "seed": 42,
  "ckpt_dir": "experiments/2026-09-11-mit-b5/ckpt",
  "resume": null,
  "init_weights": null,
  "save_every": 999,
  "boundary_relax": 0,
  "simulate_low_res": false,
  "log_dir": "experiments/2026-09-11-mit-b5/outputs"
}

 Epoch    TrLoss    VaLoss      IoU       F1     Prec      Rec         LR   Time(s)  Note
────────────────────────────────────────────────────────────────────────────────
     1    0.3669    0.3021   0.5893   0.7416   0.7472   0.7361   9.98e-05     542.2  ← best
     2    0.3171    0.2829   0.6124   0.7596   0.7562   0.7631   9.94e-05     528.4  ← best
     3    0.3025    0.2776   0.6203   0.7657   0.7559   0.7758   9.86e-05     528.5  ← best
     4    0.2945    0.2831   0.5983   0.7487   0.7944   0.7079   9.76e-05     523.5  
     5    0.2888    0.2701   0.6223   0.7672   0.7648   0.7696   9.62e-05     526.6  ← best
     6    0.2846    0.2679   0.6234   0.7680   0.7749   0.7612   9.46e-05     530.8  ← best
     7    0.2806    0.2631   0.6308   0.7736   0.7740   0.7732   9.27e-05     529.0  ← best
     8    0.2763    0.2617   0.6320   0.7745   0.7772   0.7717   9.05e-05     528.7  ← best
     9    0.2743    0.2667   0.6236   0.7682   0.7866   0.7506   8.81e-05     526.5  
    10    0.2716    0.2586   0.6346   0.7765   0.7783   0.7746   8.55e-05     525.3  ← best
    11    0.2699    0.2658   0.6229   0.7676   0.7925   0.7443   8.26e-05     527.1  
    12    0.2676    0.2609   0.6292   0.7724   0.7892   0.7563   7.96e-05     514.6  
    13    0.2663    0.2598   0.6281   0.7716   0.7900   0.7540   7.64e-05     523.0  
    14    0.2649    0.2676   0.6207   0.7659   0.8021   0.7329   7.30e-05     695.5  
    15    0.2633    0.2565   0.6351   0.7769   0.7881   0.7660   6.94e-05     787.7  ← best
    16    0.2613    0.2572   0.6361   0.7776   0.7859   0.7695   6.58e-05     771.2  ← best
    17    0.2607    0.2572   0.6342   0.7762   0.7930   0.7600   6.21e-05     533.5  
    18    0.2585    0.2576   0.6356   0.7772   0.7920   0.7630   5.82e-05     528.9  
    19    0.2575    0.2545   0.6421   0.7820   0.7854   0.7788   5.44e-05     527.9  ← best
    20    0.2563    0.2579   0.6340   0.7760   0.7980   0.7551   5.05e-05     528.5  
    21    0.2554    0.2556   0.6393   0.7800   0.7882   0.7719   4.66e-05     528.3  
    22    0.2544    0.2537   0.6401   0.7806   0.7885   0.7728   4.28e-05     529.9  
    23    0.2534    0.2531   0.6400   0.7805   0.7876   0.7734   3.89e-05     528.3  
    24    0.2522    0.2550   0.6348   0.7766   0.7994   0.7551   3.52e-05     526.6  
    25    0.2515    0.2488   0.6480   0.7864   0.7773   0.7958   3.16e-05     527.1  ← best
    26    0.2510    0.2507   0.6447   0.7840   0.7863   0.7817   2.80e-05     525.6  
    27    0.2500    0.2556   0.6338   0.7759   0.7976   0.7554   2.46e-05     525.7  
    28    0.2496    0.2537   0.6389   0.7797   0.7937   0.7662   2.14e-05     525.5  
    29    0.2495    0.2535   0.6391   0.7798   0.7937   0.7664   1.84e-05     531.4  
    30    0.2485    0.2573   0.6319   0.7744   0.7989   0.7514   1.55e-05     532.7  
    31    0.2476    0.2593   0.6292   0.7724   0.8051   0.7423   1.29e-05     529.4  
    32    0.2471    0.2547   0.6379   0.7789   0.7958   0.7627   1.05e-05     514.3  
    33    0.2469    0.2511   0.6439   0.7834   0.7882   0.7786   8.29e-06     514.5  
    34    0.2464    0.2541   0.6387   0.7795   0.7955   0.7642   6.40e-06     517.4  
    35    0.2461    0.2532   0.6400   0.7805   0.7931   0.7683   4.77e-06     522.3  
    36    0.2458    0.2562   0.6336   0.7757   0.8015   0.7515   3.42e-06     528.2  
    37    0.2458    0.2541   0.6377   0.7788   0.7956   0.7627   2.37e-06     530.0  
    38    0.2450    0.2558   0.6340   0.7760   0.8003   0.7531   1.61e-06     529.4  
    39    0.2455    0.2547   0.6364   0.7778   0.7971   0.7594   1.15e-06     531.1  
