Run: unet_resnet34_30ep_20260910_044423
Date: 2026-09-10 04:44:23
Hardware: {'device': 'cuda', 'n_gpus': 1, 'gpu_name': 'Tesla V100-SXM2-32GB', 'cuda_version': '12.4'}
Config: {
  "max_samples": null,
  "train_dir": "data/bdappv_st/train",
  "val_dir": "data/bdappv_split/google_val",
  "arch": "unet",
  "encoder": "resnet34",
  "encoder_weights": "imagenet",
  "epochs": 30,
  "batch_size": 16,
  "crop_size": 512,
  "lr": 0.0001,
  "threshold": 0.5,
  "patience": 15,
  "workers": 3,
  "seed": 42,
  "ckpt_dir": "experiments/2026-09-10-solar-self-training/checkpoints",
  "log_dir": "experiments/2026-09-10-solar-self-training/outputs",
  "resume": null,
  "save_every": 999
}

 Epoch    TrLoss    VaLoss      IoU       F1     Prec      Rec         LR  Note
────────────────────────────────────────────────────────────────────────────────
     1    0.4147    0.1242   0.7930   0.8846   0.8654   0.9045   9.97e-05     314.2  ← best
     2    0.1326    0.0770   0.7966   0.8868   0.8376   0.9422   9.89e-05     305.5  ← best
     3    0.1071    0.0580   0.8325   0.9086   0.8896   0.9284   9.76e-05     294.3  ← best
     4    0.1000    0.0550   0.8373   0.9115   0.9099   0.9130   9.57e-05     291.6  ← best
     5    0.0953    0.0519   0.8446   0.9158   0.9188   0.9128   9.34e-05     300.0  ← best
     6    0.0918    0.0512   0.8448   0.9159   0.9144   0.9174   9.05e-05     343.2  ← best
     7    0.0899    0.0482   0.8532   0.9208   0.9292   0.9126   8.73e-05     293.3  ← best
     8    0.0876    0.0541   0.8365   0.9110   0.8778   0.9467   8.36e-05     295.0  
     9    0.0852    0.0482   0.8523   0.9203   0.9046   0.9365   7.96e-05     283.1  
    10    0.0843    0.0462   0.8596   0.9245   0.9272   0.9218   7.52e-05     282.8  ← best
    11    0.0837    0.0465   0.8578   0.9234   0.9135   0.9336   7.06e-05     414.1  
    12    0.0820    0.0467   0.8574   0.9232   0.9195   0.9270   6.58e-05     457.4  
    13    0.0807    0.0464   0.8585   0.9239   0.9286   0.9192   6.08e-05     465.1  
    14    0.0798    0.0464   0.8585   0.9239   0.9221   0.9257   5.57e-05     537.9  
    15    0.0784    0.0458   0.8593   0.9243   0.9097   0.9394   5.05e-05     576.6  
    16    0.0779    0.0444   0.8632   0.9266   0.9172   0.9362   4.53e-05     646.3  ← best
    17    0.0765    0.0458   0.8600   0.9247   0.9077   0.9424   4.02e-05     618.1  
    18    0.0758    0.0449   0.8619   0.9258   0.9123   0.9398   3.52e-05     630.1  
    19    0.0759    0.0436   0.8660   0.9282   0.9225   0.9340   3.04e-05     622.9  ← best
    20    0.0754    0.0449   0.8625   0.9262   0.9140   0.9387   2.58e-05     614.7  
    21    0.0738    0.0442   0.8644   0.9273   0.9222   0.9323   2.14e-05     604.2  
    22    0.0738    0.0446   0.8634   0.9267   0.9162   0.9375   1.74e-05     639.4  
