Run: unet_resnet34_100ep_20260404_061348
Date: 2026-04-04 06:13:48
Hardware: {'device': 'cuda', 'n_gpus': 2, 'gpu_name': 'Tesla V100-SXM2-32GB', 'cuda_version': '11.8'}
Config: {
  "max_samples": null,
  "train_dir": "/tmp/bdappv_crops/train",
  "val_dir": "/tmp/bdappv_crops/val",
  "arch": "unet",
  "encoder": "resnet34",
  "encoder_weights": "imagenet",
  "epochs": 100,
  "batch_size": 32,
  "crop_size": 512,
  "lr": 0.0001,
  "threshold": 0.5,
  "patience": 15,
  "workers": 8,
  "seed": 42,
  "ckpt_dir": "solar_panel/checkpoints",
  "log_dir": "solar_panel/logs",
  "resume": "solar_panel/checkpoints/unet_resnet34_100ep_20260403_185446/epoch055.pth",
  "save_every": 5
}

 Epoch    TrLoss    VaLoss      IoU       F1     Prec      Rec         LR  Note
────────────────────────────────────────────────────────────────────────────────
    56    0.0371    0.0589   0.8487   0.9181   0.9183   0.9180   7.01e-05     613.5  ← best
    57    0.0369    0.0596   0.8462   0.9167   0.9156   0.9178   7.00e-05     621.3  
    58    0.0367    0.0600   0.8475   0.9175   0.9190   0.9159   6.99e-05     620.7  
    59    0.0368    0.0601   0.8467   0.9170   0.9212   0.9129   6.98e-05     618.9  
    60    0.0365    0.0594   0.8487   0.9182   0.9190   0.9174   6.96e-05     624.8  ← best
    61    0.0373    0.0609   0.8443   0.9156   0.9196   0.9116   6.95e-05     627.0  
    62    0.0372    0.0588   0.8484   0.9180   0.9214   0.9146   6.92e-05     718.1  
    63    0.0367    0.0598   0.8467   0.9170   0.9233   0.9108   6.90e-05     728.4  
    64    0.0371    0.0582   0.8518   0.9200   0.9255   0.9145   6.87e-05     727.2  ← best
    65    0.0370    0.0572   0.8528   0.9206   0.9230   0.9182   6.84e-05     724.5  ← best
    66    0.0368    0.0585   0.8500   0.9189   0.9219   0.9160   6.80e-05     723.4  
    67    0.0367    0.0577   0.8513   0.9197   0.9238   0.9156   6.76e-05     713.5  
    68    0.0364    0.0592   0.8491   0.9184   0.9266   0.9102   6.72e-05     701.4  
    69    0.0362    0.0602   0.8467   0.9170   0.9165   0.9175   6.68e-05     702.1  
    70    0.0362    0.0586   0.8485   0.9181   0.9191   0.9170   6.63e-05     721.0  
    71    0.0362    0.0584   0.8515   0.9198   0.9272   0.9125   6.58e-05     715.8  
    72    0.0360    0.0586   0.8488   0.9182   0.9221   0.9144   6.53e-05     722.3  
    73    0.0367    0.0597   0.8481   0.9178   0.9278   0.9081   6.47e-05     723.0  
    74    0.0372    0.0582   0.8503   0.9191   0.9171   0.9210   6.41e-05     714.7  
    75    0.0371    0.0588   0.8502   0.9190   0.9236   0.9144   6.35e-05     715.9  
    76    0.0363    0.0590   0.8508   0.9194   0.9298   0.9092   6.28e-05     719.4  
    77    0.0368    0.0570   0.8530   0.9207   0.9241   0.9172   6.21e-05     721.4  ← best
    78    0.0366    0.0570   0.8540   0.9212   0.9216   0.9209   6.14e-05     732.5  ← best
    79    0.0361    0.0579   0.8535   0.9209   0.9275   0.9144   6.07e-05     740.2  
    80    0.0358    0.0587   0.8510   0.9195   0.9247   0.9144   6.00e-05     741.3  
    81    0.0362    0.0583   0.8513   0.9197   0.9224   0.9169   5.92e-05     745.7  
    82    0.0360    0.0572   0.8536   0.9210   0.9257   0.9164   5.84e-05     761.2  
    83    0.0359    0.0573   0.8519   0.9200   0.9121   0.9280   5.75e-05     813.7  
    84    0.0358    0.0564   0.8540   0.9212   0.9243   0.9182   5.67e-05     802.2  
    85    0.0354    0.0583   0.8494   0.9185   0.9251   0.9121   5.58e-05     833.4  
    86    0.0355    0.0572   0.8515   0.9198   0.9141   0.9255   5.49e-05     813.4  
    87    0.0353    0.0590   0.8474   0.9174   0.9137   0.9211   5.40e-05     803.6  
    88    0.0355    0.0579   0.8508   0.9194   0.9175   0.9212   5.31e-05     806.6  
    89    0.0352    0.0579   0.8519   0.9200   0.9229   0.9172   5.22e-05     764.5  
    90    0.0354    0.0581   0.8509   0.9194   0.9122   0.9268   5.12e-05     732.9  
    91    0.0351    0.0580   0.8507   0.9193   0.9202   0.9184   5.02e-05     736.7  
    92    0.0349    0.0578   0.8521   0.9201   0.9258   0.9146   4.92e-05     731.9  
    93    0.0346    0.0578   0.8521   0.9202   0.9254   0.9150   4.82e-05     794.7  
────────────────────────────────────────────────────────────────────────────────
Best val IoU : 0.8540  (epoch 78)
Checkpoint   : solar_panel/checkpoints/unet_resnet34_100ep_20260404_061348/best.pth
