Run: unet_resnet34_4000samples_100ep_20260402_201304
Date: 2026-04-02 20:13:04
Hardware: {'device': 'cuda', 'n_gpus': 2, 'gpu_name': 'Tesla V100-SXM2-32GB', 'cuda_version': '11.8'}
Config: {
  "max_samples": 4000,
  "train_dir": "/tmp/bdappv_crops/train",
  "val_dir": "/tmp/bdappv_crops/val",
  "arch": "unet",
  "encoder": "resnet34",
  "encoder_weights": "imagenet",
  "epochs": 100,
  "batch_size": 32,
  "crop_size": 512,
  "lr": 0.0001,
  "threshold": 0.5,
  "patience": 15,
  "workers": 2,
  "seed": 42,
  "ckpt_dir": "solar_panel/checkpoints",
  "log_dir": "solar_panel/logs",
  "resume": null,
  "save_every": 10
}

 Epoch    TrLoss    VaLoss      IoU       F1     Prec      Rec         LR  Note
────────────────────────────────────────────────────────────────────────────────
     1    0.7186    0.6113   0.5561   0.7148   0.6268   0.8315   1.00e-04     269.1  ← best
     2    0.5635    0.5160   0.6575   0.7934   0.7196   0.8840   9.99e-05     257.3  ← best
     3    0.4735    0.4291   0.6964   0.8210   0.7417   0.9194   9.98e-05     259.5  ← best
     4    0.3832    0.3403   0.7531   0.8592   0.8093   0.9156   9.96e-05     262.0  ← best
     5    0.2959    0.2608   0.7720   0.8713   0.8659   0.8768   9.94e-05     262.6  ← best
     6    0.2162    0.1863   0.7932   0.8847   0.8538   0.9179   9.91e-05     264.4  ← best
     7    0.1595    0.1417   0.8038   0.8912   0.8715   0.9118   9.88e-05     267.3  ← best
     8    0.1273    0.1180   0.7968   0.8869   0.8402   0.9390   9.84e-05     249.8  
     9    0.1034    0.0974   0.8218   0.9022   0.9121   0.8925   9.80e-05     252.4  ← best
    10    0.0878    0.0869   0.8267   0.9052   0.9060   0.9043   9.76e-05     250.4  ← best
    11    0.0781    0.0766   0.8371   0.9113   0.9045   0.9183   9.71e-05     251.0  ← best
    12    0.0716    0.0743   0.8262   0.9048   0.8685   0.9444   9.65e-05     250.7  
    13    0.0671    0.0686   0.8345   0.9098   0.8954   0.9247   9.59e-05     253.8  
    14    0.0635    0.0648   0.8399   0.9130   0.9160   0.9100   9.53e-05     256.1  ← best
    15    0.0601    0.0584   0.8535   0.9209   0.9215   0.9204   9.46e-05     251.8  ← best
    16    0.0565    0.0604   0.8409   0.9136   0.9002   0.9273   9.39e-05     253.8  
    17    0.0545    0.0571   0.8490   0.9184   0.9111   0.9257   9.31e-05     255.0  
    18    0.0528    0.0553   0.8495   0.9186   0.9184   0.9188   9.23e-05     255.8  
    19    0.0522    0.0561   0.8473   0.9174   0.9262   0.9087   9.14e-05     256.7  
    20    0.0496    0.0530   0.8526   0.9204   0.9192   0.9216   9.05e-05     254.6  
    21    0.0486    0.0542   0.8480   0.9177   0.9074   0.9284   8.96e-05     256.7  
    22    0.0476    0.0537   0.8492   0.9184   0.9138   0.9231   8.86e-05     261.8  
    23    0.0473    0.0530   0.8497   0.9187   0.9046   0.9333   8.76e-05     253.1  
    24    0.0456    0.0524   0.8495   0.9186   0.9149   0.9223   8.66e-05     251.3  
    25    0.0452    0.0519   0.8498   0.9188   0.9136   0.9240   8.55e-05     253.1  
    26    0.0446    0.0507   0.8531   0.9207   0.9176   0.9239   8.44e-05     223.2  
    27    0.0438    0.0511   0.8516   0.9199   0.9124   0.9274   8.32e-05     217.3  
    28    0.0428    0.0505   0.8534   0.9209   0.9304   0.9116   8.21e-05     217.1  
    29    0.0421    0.0525   0.8458   0.9164   0.8976   0.9361   8.08e-05     217.5  
    30    0.0415    0.0504   0.8502   0.9190   0.9156   0.9224   7.96e-05     216.6  
────────────────────────────────────────────────────────────────────────────────
Best val IoU : 0.8535  (epoch 15)
Checkpoint   : solar_panel/checkpoints/unet_resnet34_best.pth
