Run: unet_resnet34_100ep_20260403_062049
Date: 2026-04-03 06:20:49
Hardware: {'device': 'cuda', 'n_gpus': 2, 'gpu_name': 'Tesla V100-SXM2-32GB', 'cuda_version': '11.8'}
Config: {
  "max_samples": null,
  "train_dir": "/tmp/bdappv_crops/train",
  "val_dir": "/tmp/bdappv_crops/val",
  "arch": "unet",
  "encoder": "resnet34",
  "encoder_weights": "imagenet",
  "epochs": 100,
  "batch_size": 32,
  "crop_size": 512,
  "lr": 0.0001,
  "threshold": 0.5,
  "patience": 20,
  "workers": 4,
  "seed": 42,
  "ckpt_dir": "solar_panel/checkpoints",
  "log_dir": "solar_panel/logs",
  "resume": null,
  "save_every": 10
}

 Epoch    TrLoss    VaLoss      IoU       F1     Prec      Rec         LR  Note
────────────────────────────────────────────────────────────────────────────────
     1    0.5570    0.3841   0.6716   0.8036   0.7230   0.9044   1.00e-04     937.0  ← best
     2    0.2231    0.1606   0.7183   0.8361   0.7622   0.9258   9.99e-05     940.7  ← best
     3    0.0987    0.0955   0.8043   0.8916   0.8988   0.8845   9.98e-05     955.2  ← best
     4    0.0757    0.0807   0.8190   0.9005   0.8932   0.9079   9.96e-05     932.6  ← best
     5    0.0677    0.0779   0.8163   0.8988   0.9079   0.8899   9.94e-05     931.0  
     6    0.0626    0.0730   0.8198   0.9010   0.8948   0.9072   9.91e-05     933.9  ← best
     7    0.0593    0.0704   0.8270   0.9053   0.9054   0.9053   9.88e-05     935.3  ← best
     8    0.0576    0.0711   0.8192   0.9006   0.8814   0.9207   9.84e-05     936.8  
     9    0.0555    0.0669   0.8312   0.9078   0.9096   0.9060   9.80e-05     917.2  ← best
    10    0.0540    0.0677   0.8283   0.9061   0.9107   0.9016   9.76e-05     903.1  
    11    0.0530    0.0675   0.8290   0.9065   0.9015   0.9116   9.71e-05     983.5  
    12    0.0523    0.0656   0.8309   0.9076   0.8915   0.9244   9.65e-05     916.4  
    13    0.0513    0.0672   0.8288   0.9064   0.9099   0.9029   9.59e-05     948.1  
    14    0.0501    0.0644   0.8363   0.9109   0.9180   0.9039   9.53e-05     926.0  ← best
    15    0.0493    0.0649   0.8329   0.9089   0.9017   0.9161   9.46e-05     927.1  
    16    0.0487    0.0644   0.8350   0.9101   0.9134   0.9068   9.39e-05    1023.8  
    17    0.0482    0.0644   0.8361   0.9107   0.9097   0.9118   9.31e-05     983.2  
    18    0.0481    0.0642   0.8361   0.9107   0.9155   0.9060   9.23e-05     954.2  
    19    0.0477    0.0630   0.8384   0.9121   0.9153   0.9089   9.14e-05    1031.4  ← best
    20    0.0471    0.0618   0.8384   0.9121   0.9046   0.9196   9.05e-05    1036.3  
    21    0.0459    0.0633   0.8394   0.9127   0.9241   0.9016   8.96e-05     952.1  ← best
    22    0.0461    0.0631   0.8400   0.9131   0.9217   0.9046   8.86e-05    1042.4  ← best
    23    0.0456    0.0613   0.8411   0.9137   0.9117   0.9158   8.76e-05    1040.6  ← best
    24    0.0459    0.0625   0.8378   0.9117   0.9100   0.9134   8.66e-05    1071.1  
    25    0.0446    0.0609   0.8435   0.9151   0.9190   0.9112   8.55e-05    1079.8  ← best
    26    0.0449    0.0614   0.8414   0.9139   0.9184   0.9094   8.44e-05     984.0  
    27    0.0441    0.0619   0.8411   0.9137   0.9186   0.9088   8.32e-05     943.2  
    28    0.0443    0.0641   0.8370   0.9113   0.9080   0.9146   8.21e-05     948.2  
    29    0.0433    0.0608   0.8436   0.9152   0.9204   0.9100   8.08e-05     944.3  ← best
    30    0.0431    0.0616   0.8413   0.9138   0.9194   0.9083   7.96e-05     946.4  
    31    0.0433    0.0613   0.8418   0.9141   0.9166   0.9116   7.83e-05     956.7  
    32    0.0430    0.0615   0.8417   0.9140   0.9185   0.9096   7.70e-05     933.7  
    33    0.0425    0.0608   0.8442   0.9155   0.9235   0.9077   7.57e-05     913.3  ← best
