Run: unet_resnet34_100ep_20260403_185446
Date: 2026-04-03 18:54:46
Hardware: {'device': 'cuda', 'n_gpus': 8, 'gpu_name': 'Tesla V100-SXM2-32GB', 'cuda_version': '11.8'}
Config: {
  "max_samples": null,
  "train_dir": "/tmp/bdappv_crops/train",
  "val_dir": "/tmp/bdappv_crops/val",
  "arch": "unet",
  "encoder": "resnet34",
  "encoder_weights": "imagenet",
  "epochs": 100,
  "batch_size": 32,
  "crop_size": 512,
  "lr": 0.0001,
  "threshold": 0.5,
  "patience": 15,
  "workers": 8,
  "seed": 42,
  "ckpt_dir": "solar_panel/checkpoints",
  "log_dir": "solar_panel/logs",
  "resume": "solar_panel/checkpoints/unet_resnet34_100ep_20260403_163032/best.pth",
  "save_every": 5
}

 Epoch    TrLoss    VaLoss      IoU       F1     Prec      Rec         LR  Note
────────────────────────────────────────────────────────────────────────────────
    39    0.0401    0.0608   0.8442   0.9155   0.9154   0.9156   7.52e-05    1043.8  
    40    0.0397    0.0620   0.8412   0.9137   0.9046   0.9230   7.52e-05     990.6  
    41    0.0396    0.0623   0.8404   0.9133   0.8991   0.9280   7.51e-05     980.8  
    42    0.0395    0.0623   0.8424   0.9144   0.9076   0.9214   7.49e-05     985.9  
    43    0.0396    0.0623   0.8411   0.9137   0.9123   0.9152   7.48e-05     988.5  
    44    0.0422    0.0603   0.8442   0.9155   0.9082   0.9229   7.46e-05     983.6  
    45    0.0425    0.0602   0.8456   0.9163   0.9221   0.9106   7.43e-05     951.0  
    46    0.0418    0.0602   0.8454   0.9162   0.9142   0.9183   7.41e-05     947.0  
    47    0.0417    0.0588   0.8506   0.9193   0.9190   0.9196   7.38e-05     937.0  ← best
    48    0.0423    0.0605   0.8476   0.9175   0.9185   0.9165   7.34e-05     955.2  
    49    0.0414    0.0622   0.8425   0.9145   0.9129   0.9162   7.30e-05     937.1  
    50    0.0411    0.0601   0.8458   0.9165   0.9219   0.9111   7.26e-05     938.9  
    51    0.0409    0.0604   0.8455   0.9163   0.9223   0.9104   7.22e-05     974.8  
    52    0.0405    0.0607   0.8447   0.9158   0.9124   0.9193   7.17e-05     987.3  
    53    0.0407    0.0613   0.8423   0.9144   0.9098   0.9191   7.12e-05     947.3  
    54    0.0403    0.0602   0.8460   0.9166   0.9311   0.9025   7.06e-05     941.5  
    55    0.0402    0.0603   0.8450   0.9160   0.9149   0.9171   7.01e-05     893.3  
    56    0.0399    0.0613   0.8428   0.9147   0.9216   0.9079   6.95e-05     891.0  
    57    0.0399    0.0610   0.8439   0.9153   0.9185   0.9122   6.88e-05     890.6  
