Run: unet_resnet34_2000samples_100ep_20260330_125206
Date: 2026-03-30 12:52:06
Hardware: {'device': 'cuda', 'n_gpus': 2, 'gpu_name': 'Tesla V100-SXM2-32GB', 'cuda_version': '11.8'}
Config: {
  "train_dir": "/tmp/train_crops",
  "val_dir": "/tmp/val_crops",
  "max_samples": 2000,
  "train_csv": null,
  "val_csv": null,
  "image_dir": null,
  "mask_dir": null,
  "arch": "unet",
  "encoder": "resnet34",
  "encoder_weights": "imagenet",
  "epochs": 100,
  "batch_size": 32,
  "lr": 0.0001,
  "threshold": 0.5,
  "patience": 15,
  "workers": 2,
  "seed": 42,
  "ckpt_dir": "/workspace/checkpoints",
  "resume": null,
  "save_every": 10,
  "log_dir": "./logs"
}

 Epoch    TrLoss    VaLoss      IoU       F1     Prec      Rec         LR   Time(s)  Note
────────────────────────────────────────────────────────────────────────────────
     1    0.4994    0.4096   0.6590   0.7944   0.6943   0.9284   1.00e-04     101.1  ← best
     2    0.3761    0.3513   0.7730   0.8720   0.8517   0.8933   9.99e-05      95.3  ← best
     3    0.3190    0.3067   0.7980   0.8876   0.8734   0.9023   9.98e-05      92.9  ← best
     4    0.2801    0.2637   0.8034   0.8910   0.8635   0.9203   9.96e-05      92.1  ← best
     5    0.2398    0.2249   0.8182   0.9000   0.9304   0.8716   9.94e-05      91.6  ← best
     6    0.2081    0.1966   0.8338   0.9094   0.9105   0.9082   9.91e-05      91.7  ← best
     7    0.1871    0.1767   0.8366   0.9110   0.9088   0.9133   9.88e-05      99.7  ← best
     8    0.1678    0.1582   0.8467   0.9170   0.9124   0.9216   9.84e-05      91.4  ← best
     9    0.1519    0.1437   0.8483   0.9179   0.9216   0.9143   9.80e-05      90.8  ← best
    10    0.1409    0.1338   0.8491   0.9184   0.9480   0.8906   9.76e-05      91.1  ← best
    11    0.1333    0.1267   0.8539   0.9212   0.9239   0.9185   9.71e-05     100.0  ← best
    12    0.1235    0.1184   0.8546   0.9216   0.9412   0.9028   9.65e-05      92.2  ← best
    13    0.1155    0.1110   0.8596   0.9245   0.9361   0.9131   9.59e-05      91.5  ← best
    14    0.1103    0.1083   0.8581   0.9236   0.9222   0.9251   9.53e-05      92.0  
    15    0.1052    0.1030   0.8598   0.9246   0.9512   0.8994   9.46e-05      98.8  ← best
    16    0.1000    0.0987   0.8640   0.9270   0.9358   0.9184   9.39e-05      92.3  ← best
    17    0.0974    0.0951   0.8647   0.9275   0.9329   0.9221   9.31e-05      91.4  ← best
    18    0.0948    0.0940   0.8617   0.9257   0.9367   0.9149   9.23e-05      91.5  
    19    0.0912    0.0909   0.8647   0.9274   0.9417   0.9135   9.14e-05      98.8  
    20    0.0880    0.0888   0.8672   0.9289   0.9369   0.9210   9.05e-05      91.3  ← best
    21    0.0855    0.0861   0.8694   0.9301   0.9447   0.9160   8.96e-05      92.0  ← best
    22    0.0835    0.0854   0.8688   0.9298   0.9358   0.9238   8.86e-05      91.2  
    23    0.0814    0.0844   0.8694   0.9301   0.9549   0.9066   8.76e-05     100.0  
    24    0.0790    0.0824   0.8697   0.9303   0.9477   0.9135   8.66e-05      90.7  ← best
    25    0.0779    0.0827   0.8696   0.9303   0.9343   0.9263   8.55e-05      91.6  
    26    0.0770    0.0819   0.8694   0.9301   0.9406   0.9199   8.44e-05      91.2  
    27    0.0768    0.0846   0.8622   0.9260   0.9619   0.8927   8.32e-05      95.0  
    28    0.0735    0.0803   0.8704   0.9307   0.9489   0.9132   8.21e-05      96.3  ← best
    29    0.0741    0.0788   0.8725   0.9319   0.9497   0.9147   8.08e-05      91.3  ← best
    30    0.0722    0.0782   0.8716   0.9314   0.9428   0.9203   7.96e-05      91.5  
    31    0.0711    0.0771   0.8734   0.9324   0.9491   0.9162   7.83e-05      92.8  ← best
    32    0.0701    0.0765   0.8717   0.9314   0.9525   0.9113   7.70e-05      99.3  
    33    0.0685    0.0756   0.8740   0.9328   0.9503   0.9159   7.57e-05      92.0  ← best
    34    0.0680    0.0763   0.8723   0.9318   0.9520   0.9124   7.43e-05      92.9  
    35    0.0663    0.0750   0.8732   0.9323   0.9463   0.9188   7.30e-05      91.1  
    36    0.0656    0.0750   0.8732   0.9323   0.9508   0.9145   7.16e-05      99.1  
    37    0.0658    0.0770   0.8690   0.9299   0.9479   0.9125   7.02e-05      91.8  
    38    0.0647    0.0742   0.8740   0.9328   0.9473   0.9186   6.87e-05      91.4  
    39    0.0646    0.0748   0.8734   0.9324   0.9501   0.9153   6.73e-05      91.6  
    40    0.0632    0.0767   0.8702   0.9306   0.9546   0.9078   6.58e-05      98.8  
    41    0.0630    0.0753   0.8718   0.9315   0.9486   0.9151   6.43e-05      91.7  
    42    0.0629    0.0741   0.8740   0.9327   0.9489   0.9171   6.28e-05     127.3  
    43    0.0622    0.0753   0.8710   0.9311   0.9578   0.9058   6.13e-05     120.1  
    44    0.0611    0.0749   0.8725   0.9319   0.9549   0.9099   5.98e-05     135.4  
    45    0.0604    0.0734   0.8750   0.9333   0.9508   0.9165   5.82e-05     115.7  ← best
    46    0.0607    0.0745   0.8730   0.9322   0.9579   0.9078   5.67e-05     105.1  
    47    0.0604    0.0732   0.8752   0.9335   0.9546   0.9133   5.52e-05      93.2  ← best
    48    0.0594    0.0747   0.8726   0.9319   0.9487   0.9158   5.36e-05     124.1  
    49    0.0586    0.0722   0.8761   0.9340   0.9516   0.9170   5.21e-05     152.0  ← best
    50    0.0590    0.0739   0.8732   0.9323   0.9535   0.9120   5.05e-05     162.2  
    51    0.0573    0.0732   0.8737   0.9326   0.9489   0.9169   4.89e-05     135.1  
    52    0.0573    0.0723   0.8752   0.9335   0.9491   0.9183   4.74e-05      92.0  
    53    0.0567    0.0744   0.8711   0.9311   0.9564   0.9071   4.58e-05      98.3  
    54    0.0574    0.0722   0.8750   0.9333   0.9488   0.9184   4.43e-05     103.0  
    55    0.0568    0.0737   0.8719   0.9316   0.9554   0.9089   4.28e-05      93.3  
    56    0.0565    0.0727   0.8738   0.9326   0.9525   0.9136   4.12e-05      94.8  
    57    0.0566    0.0715   0.8762   0.9340   0.9518   0.9169   3.97e-05      89.3  ← best
    58    0.0553    0.0721   0.8748   0.9332   0.9472   0.9196   3.82e-05      89.9  
    59    0.0552    0.0722   0.8752   0.9334   0.9533   0.9143   3.67e-05      88.9  
    60    0.0555    0.0719   0.8753   0.9335   0.9522   0.9155   3.52e-05      90.4  
    61    0.0546    0.0717   0.8749   0.9333   0.9444   0.9224   3.37e-05      87.7  
    62    0.0543    0.0714   0.8765   0.9342   0.9464   0.9223   3.23e-05      91.6  ← best
    63    0.0543    0.0719   0.8755   0.9336   0.9537   0.9144   3.08e-05      89.7  
    64    0.0540    0.0729   0.8735   0.9325   0.9540   0.9119   2.94e-05      88.3  
    65    0.0541    0.0718   0.8756   0.9337   0.9553   0.9131   2.80e-05      88.0  
    66    0.0534    0.0722   0.8750   0.9333   0.9537   0.9138   2.67e-05      89.2  
    67    0.0534    0.0714   0.8766   0.9342   0.9527   0.9165   2.53e-05      88.1  ← best
    68    0.0529    0.0717   0.8761   0.9340   0.9525   0.9161   2.40e-05      87.7  
    69    0.0532    0.0710   0.8768   0.9344   0.9522   0.9171   2.27e-05      87.9  ← best
    70    0.0532    0.0720   0.8749   0.9333   0.9544   0.9131   2.14e-05      88.2  
    71    0.0524    0.0717   0.8764   0.9341   0.9507   0.9181   2.02e-05      87.9  
    72    0.0520    0.0711   0.8770   0.9345   0.9526   0.9170   1.89e-05      89.0  ← best
    73    0.0518    0.0719   0.8751   0.9334   0.9486   0.9187   1.78e-05      87.7  
    74    0.0512    0.0711   0.8767   0.9343   0.9531   0.9162   1.66e-05      86.8  
    75    0.0513    0.0711   0.8770   0.9344   0.9509   0.9185   1.55e-05      87.4  
    76    0.0515    0.0707   0.8776   0.9348   0.9515   0.9187   1.44e-05      88.3  ← best
    77    0.0523    0.0714   0.8763   0.9341   0.9521   0.9167   1.34e-05      88.5  
    78    0.0516    0.0715   0.8761   0.9340   0.9525   0.9161   1.24e-05      87.0  
    79    0.0523    0.0715   0.8760   0.9339   0.9530   0.9155   1.14e-05      87.8  
    80    0.0513    0.0713   0.8770   0.9345   0.9511   0.9183   1.05e-05      88.3  
    81    0.0510    0.0718   0.8758   0.9338   0.9502   0.9178   9.56e-06      87.6  
    82    0.0511    0.0713   0.8772   0.9346   0.9486   0.9210   8.71e-06      89.1  
    83    0.0504    0.0713   0.8770   0.9345   0.9501   0.9193   7.89e-06      89.2  
    84    0.0509    0.0714   0.8769   0.9344   0.9504   0.9189   7.12e-06      88.5  
    85    0.0510    0.0710   0.8778   0.9349   0.9492   0.9210   6.40e-06      88.1  ← best
    86    0.0498    0.0715   0.8768   0.9344   0.9519   0.9175   5.71e-06      87.4  
    87    0.0502    0.0710   0.8777   0.9348   0.9505   0.9197   5.07e-06      87.4  
    88    0.0505    0.0717   0.8764   0.9341   0.9524   0.9165   4.48e-06      87.2  
    89    0.0505    0.0710   0.8777   0.9348   0.9520   0.9183   3.93e-06      88.4  
    90    0.0501    0.0706   0.8784   0.9353   0.9505   0.9205   3.42e-06      94.2  ← best
    91    0.0496    0.0709   0.8775   0.9347   0.9525   0.9177   2.97e-06      87.1  
    92    0.0503    0.0714   0.8770   0.9345   0.9512   0.9183   2.56e-06      87.5  
    93    0.0501    0.0714   0.8770   0.9345   0.9537   0.9160   2.19e-06      88.3  
    94    0.0501    0.0709   0.8781   0.9351   0.9539   0.9171   1.88e-06      90.8  
    95    0.0505    0.0707   0.8781   0.9351   0.9509   0.9199   1.61e-06      87.9  
    96    0.0499    0.0712   0.8771   0.9345   0.9528   0.9170   1.39e-06      87.1  
    97    0.0502    0.0715   0.8763   0.9341   0.9539   0.9150   1.22e-06      89.2  
    98    0.0500    0.0716   0.8768   0.9344   0.9511   0.9181   1.10e-06      89.0  
    99    0.0503    0.0709   0.8780   0.9351   0.9510   0.9196   1.02e-06      87.5  
   100    0.0504    0.0714   0.8773   0.9346   0.9502   0.9196   1.00e-06      87.3  
────────────────────────────────────────────────────────────────────────────────
Best val IoU : 0.8784  (epoch 90)  [PSPNet baseline 0.899 | gap -0.0206]
Checkpoint   : /workspace/checkpoints/unet_resnet34_best.pth
Log (JSON)   : logs/unet_resnet34_2000samples_100ep_20260330_125206.json
