Run: unet_mit_b2_40ep_20260909_201300
Date: 2026-09-09 20:13:00
Hardware: {'device': 'cuda', 'n_gpus': 1, 'gpu_name': 'Tesla V100-SXM2-32GB', 'cuda_version': '12.4'}
Config: {
  "train_dir": "data/jaipur_weak/train",
  "val_dir": "data/jaipur_weak/val",
  "max_samples": null,
  "train_csv": null,
  "val_csv": null,
  "image_dir": null,
  "mask_dir": null,
  "arch": "unet",
  "encoder": "mit_b2",
  "encoder_weights": "imagenet",
  "epochs": 40,
  "batch_size": 12,
  "lr": 0.0001,
  "threshold": 0.5,
  "patience": 15,
  "workers": 3,
  "seed": 42,
  "ckpt_dir": "experiments/2026-09-10-segformer-backbone/checkpoints",
  "resume": null,
  "init_weights": null,
  "save_every": 999,
  "boundary_relax": 0,
  "simulate_low_res": false,
  "log_dir": "experiments/2026-09-10-segformer-backbone/outputs"
}

 Epoch    TrLoss    VaLoss      IoU       F1     Prec      Rec         LR   Time(s)  Note
────────────────────────────────────────────────────────────────────────────────
     1    0.3651    0.3020   0.6014   0.7511   0.7126   0.7940   9.98e-05     223.0  ← best
     2    0.3137    0.2836   0.6191   0.7647   0.7229   0.8117   9.94e-05     224.6  ← best
     3    0.2979    0.2759   0.6231   0.7678   0.7330   0.8061   9.86e-05     221.0  ← best
     4    0.2884    0.2712   0.6322   0.7747   0.7088   0.8540   9.76e-05     226.4  ← best
     5    0.2821    0.2657   0.6371   0.7783   0.7328   0.8299   9.62e-05     217.7  ← best
     6    0.2776    0.2650   0.6367   0.7780   0.7459   0.8130   9.46e-05     200.0  
     7    0.2740    0.2616   0.6393   0.7800   0.7410   0.8233   9.27e-05     157.1  ← best
     8    0.2705    0.2575   0.6449   0.7841   0.7472   0.8249   9.05e-05     155.1  ← best
     9    0.2677    0.2553   0.6477   0.7862   0.7422   0.8356   8.81e-05     231.4  ← best
    10    0.2658    0.2534   0.6493   0.7874   0.7375   0.8446   8.55e-05     228.2  ← best
    11    0.2639    0.2536   0.6468   0.7855   0.7545   0.8192   8.26e-05     233.6  
    12    0.2620    0.2526   0.6483   0.7866   0.7531   0.8233   7.96e-05     235.8  
    13    0.2608    0.2529   0.6479   0.7864   0.7599   0.8148   7.64e-05     238.6  
    14    0.2589    0.2499   0.6511   0.7887   0.7558   0.8246   7.30e-05     234.0  ← best
    15    0.2581    0.2493   0.6525   0.7897   0.7511   0.8325   6.94e-05     289.8  ← best
    16    0.2561    0.2492   0.6491   0.7872   0.7651   0.8106   6.58e-05     336.9  
    17    0.2552    0.2475   0.6540   0.7908   0.7489   0.8377   6.21e-05     330.5  ← best
    18    0.2536    0.2481   0.6535   0.7904   0.7506   0.8347   5.82e-05     328.2  
    19    0.2527    0.2476   0.6546   0.7913   0.7515   0.8355   5.44e-05     326.9  ← best
    20    0.2515    0.2493   0.6504   0.7882   0.7634   0.8146   5.05e-05     329.1  
    21    0.2510    0.2469   0.6544   0.7911   0.7539   0.8322   4.66e-05     329.7  
    22    0.2496    0.2471   0.6535   0.7904   0.7581   0.8257   4.28e-05     331.5  
    23    0.2487    0.2477   0.6522   0.7895   0.7595   0.8219   3.89e-05     320.0  
    24    0.2478    0.2458   0.6555   0.7919   0.7551   0.8324   3.52e-05     314.8  ← best
    25    0.2476    0.2459   0.6538   0.7907   0.7605   0.8234   3.16e-05     318.4  
    26    0.2463    0.2463   0.6555   0.7919   0.7554   0.8321   2.80e-05     315.2  ← best
    27    0.2458    0.2472   0.6542   0.7909   0.7598   0.8248   2.46e-05     313.7  
    28    0.2449    0.2471   0.6528   0.7899   0.7654   0.8161   2.14e-05     317.6  
    29    0.2445    0.2460   0.6556   0.7920   0.7576   0.8297   1.84e-05     315.3  ← best
    30    0.2441    0.2467   0.6546   0.7913   0.7594   0.8259   1.55e-05     316.0  
    31    0.2440    0.2475   0.6509   0.7885   0.7704   0.8075   1.29e-05     316.8  
    32    0.2433    0.2459   0.6564   0.7926   0.7538   0.8355   1.05e-05     318.2  ← best
    33    0.2423    0.2461   0.6552   0.7917   0.7594   0.8268   8.29e-06     320.9  
    34    0.2425    0.2463   0.6546   0.7913   0.7620   0.8228   6.40e-06     317.6  
    35    0.2422    0.2453   0.6568   0.7929   0.7555   0.8342   4.77e-06     318.7  ← best
    36    0.2419    0.2454   0.6559   0.7922   0.7602   0.8270   3.42e-06     317.0  
    37    0.2419    0.2454   0.6569   0.7929   0.7536   0.8366   2.37e-06     316.3  ← best
    38    0.2414    0.2458   0.6554   0.7919   0.7608   0.8255   1.61e-06     316.5  
    39    0.2416    0.2452   0.6562   0.7924   0.7595   0.8283   1.15e-06     316.9  
    40    0.2415    0.2454   0.6559   0.7922   0.7594   0.8280   1.00e-06     310.9  
────────────────────────────────────────────────────────────────────────────────
Best val IoU : 0.6569  (epoch 37)  [PSPNet baseline 0.899 | gap -0.2421]
Checkpoint   : experiments/2026-09-10-segformer-backbone/checkpoints/unet_mit_b2_40ep_20260909_201300/best.pth
Log (JSON)   : experiments/2026-09-10-segformer-backbone/outputs/unet_mit_b2_40ep_20260909_201300.json
