Run: unet_mit_b2_40ep_20260910_011238
Date: 2026-09-10 01:12:38
Hardware: {'device': 'cuda', 'n_gpus': 1, 'gpu_name': 'Tesla V100-SXM2-32GB', 'cuda_version': '12.4'}
Config: {
  "train_dir": "data/jaipur_weak_erode/train",
  "val_dir": "data/jaipur_weak/val",
  "max_samples": null,
  "train_csv": null,
  "val_csv": null,
  "image_dir": null,
  "mask_dir": null,
  "arch": "unet",
  "encoder": "mit_b2",
  "encoder_weights": "imagenet",
  "epochs": 40,
  "batch_size": 12,
  "lr": 0.0001,
  "threshold": 0.5,
  "patience": 15,
  "workers": 3,
  "seed": 42,
  "ckpt_dir": "experiments/2026-09-10-eroded-labels/checkpoints_mit",
  "resume": null,
  "init_weights": null,
  "save_every": 999,
  "boundary_relax": 0,
  "simulate_low_res": false,
  "log_dir": "experiments/2026-09-10-eroded-labels/outputs_mit"
}

 Epoch    TrLoss    VaLoss      IoU       F1     Prec      Rec         LR   Time(s)  Note
────────────────────────────────────────────────────────────────────────────────
     1    0.3826    0.3093   0.5846   0.7379   0.7458   0.7301   9.98e-05     189.0  ← best
     2    0.3288    0.2908   0.6033   0.7525   0.7557   0.7495   9.94e-05     193.8  ← best
     3    0.3119    0.2885   0.6020   0.7516   0.7642   0.7393   9.86e-05     190.2  
     4    0.3017    0.2772   0.6161   0.7624   0.7581   0.7668   9.76e-05     194.3  ← best
     5    0.2951    0.2696   0.6254   0.7695   0.7570   0.7824   9.62e-05     192.9  ← best
     6    0.2901    0.2700   0.6227   0.7675   0.7690   0.7659   9.46e-05     191.1  
     7    0.2862    0.2651   0.6281   0.7716   0.7694   0.7738   9.27e-05     193.9  ← best
     8    0.2828    0.2642   0.6276   0.7712   0.7775   0.7650   9.05e-05     192.8  
     9    0.2798    0.2646   0.6275   0.7712   0.7793   0.7632   8.81e-05     194.5  
    10    0.2778    0.2575   0.6376   0.7787   0.7660   0.7918   8.55e-05     193.7  ← best
    11    0.2759    0.2658   0.6186   0.7644   0.7936   0.7373   8.26e-05     192.6  
    12    0.2742    0.2630   0.6242   0.7687   0.7869   0.7513   7.96e-05     194.6  
    13    0.2730    0.2676   0.6179   0.7639   0.8013   0.7297   7.64e-05     194.5  
    14    0.2712    0.2600   0.6281   0.7716   0.7891   0.7548   7.30e-05     194.1  
    15    0.2700    0.2587   0.6324   0.7748   0.7829   0.7669   6.94e-05     193.9  
    16    0.2681    0.2640   0.6212   0.7663   0.7975   0.7375   6.58e-05     196.0  
    17    0.2671    0.2544   0.6379   0.7789   0.7783   0.7795   6.21e-05     197.0  ← best
    18    0.2657    0.2576   0.6311   0.7739   0.7892   0.7592   5.82e-05     196.1  
    19    0.2647    0.2534   0.6405   0.7808   0.7799   0.7818   5.44e-05     194.9  ← best
    20    0.2635    0.2635   0.6186   0.7644   0.8032   0.7291   5.05e-05     194.5  
    21    0.2628    0.2551   0.6354   0.7771   0.7889   0.7656   4.66e-05     196.2  
    22    0.2614    0.2569   0.6323   0.7747   0.7919   0.7583   4.28e-05     193.6  
    23    0.2608    0.2563   0.6313   0.7740   0.7920   0.7567   3.89e-05     192.6  
    24    0.2599    0.2534   0.6354   0.7771   0.7888   0.7657   3.52e-05     194.5  
    25    0.2594    0.2558   0.6305   0.7734   0.7979   0.7503   3.16e-05     193.8  
    26    0.2581    0.2564   0.6330   0.7753   0.7945   0.7570   2.80e-05     194.8  
    27    0.2578    0.2588   0.6285   0.7719   0.7990   0.7466   2.46e-05     194.9  
    28    0.2567    0.2585   0.6268   0.7706   0.8020   0.7415   2.14e-05     195.1  
    29    0.2564    0.2571   0.6314   0.7740   0.7957   0.7535   1.84e-05     195.0  
    30    0.2559    0.2559   0.6344   0.7763   0.7934   0.7600   1.55e-05     198.3  
    31    0.2559    0.2606   0.6234   0.7680   0.8054   0.7339   1.29e-05     196.3  
    32    0.2552    0.2537   0.6377   0.7788   0.7903   0.7675   1.05e-05     195.6  
    33    0.2544    0.2562   0.6333   0.7755   0.7944   0.7575   8.29e-06     196.7  
    34    0.2545    0.2570   0.6321   0.7746   0.7984   0.7522   6.40e-06     196.1  
────────────────────────────────────────────────────────────────────────────────
Best val IoU : 0.6405  (epoch 19)  [PSPNet baseline 0.899 | gap -0.2585]
Checkpoint   : experiments/2026-09-10-eroded-labels/checkpoints_mit/unet_mit_b2_40ep_20260910_011238/best.pth
Log (JSON)   : experiments/2026-09-10-eroded-labels/outputs_mit/unet_mit_b2_40ep_20260910_011238.json
