Run: unet_resnet34_40ep_20260909_210501
Date: 2026-09-09 21:05:01
Hardware: {'device': 'cuda', 'n_gpus': 1, 'gpu_name': 'Tesla V100-SXM2-32GB', 'cuda_version': '12.4'}
Config: {
  "train_dir": "data/jaipur_weak_c0/train",
  "val_dir": "data/jaipur_weak/val",
  "max_samples": null,
  "train_csv": null,
  "val_csv": null,
  "image_dir": null,
  "mask_dir": null,
  "arch": "unet",
  "encoder": "resnet34",
  "encoder_weights": "imagenet",
  "epochs": 40,
  "batch_size": 16,
  "lr": 0.0001,
  "threshold": 0.5,
  "patience": 15,
  "workers": 3,
  "seed": 42,
  "ckpt_dir": "experiments/2026-09-10-label-quantity-vs-quality/checkpoints",
  "resume": null,
  "init_weights": null,
  "save_every": 999,
  "boundary_relax": 0,
  "simulate_low_res": false,
  "log_dir": "experiments/2026-09-10-label-quantity-vs-quality/outputs"
}

 Epoch    TrLoss    VaLoss      IoU       F1     Prec      Rec         LR   Time(s)  Note
────────────────────────────────────────────────────────────────────────────────
     1    0.3840    0.3695   0.5641   0.7213   0.6104   0.8816   9.98e-05     325.9  ← best
     2    0.3070    0.3279   0.5800   0.7342   0.6367   0.8669   9.94e-05     336.0  ← best
     3    0.2873    0.3257   0.5886   0.7410   0.6286   0.9023   9.86e-05     328.9  ← best
     4    0.2756    0.3059   0.5992   0.7494   0.6512   0.8824   9.76e-05     329.1  ← best
     5    0.2679    0.3031   0.6002   0.7502   0.6558   0.8762   9.62e-05     328.5  ← best
     6    0.2620    0.2964   0.6087   0.7568   0.6616   0.8840   9.46e-05     322.6  ← best
     7    0.2584    0.3004   0.6071   0.7555   0.6526   0.8970   9.27e-05     333.5  
     8    0.2549    0.2902   0.6121   0.7594   0.6639   0.8869   9.05e-05     324.3  ← best
     9    0.2511    0.2897   0.6149   0.7615   0.6640   0.8925   8.81e-05     319.5  ← best
    10    0.2483    0.2923   0.6145   0.7612   0.6601   0.8988   8.55e-05     316.6  
    11    0.2459    0.2856   0.6177   0.7637   0.6667   0.8936   8.26e-05     314.8  ← best
    12    0.2447    0.2944   0.6134   0.7604   0.6586   0.8995   7.96e-05     320.3  
    13    0.2422    0.2818   0.6191   0.7647   0.6718   0.8875   7.64e-05     314.2  ← best
    14    0.2413    0.2907   0.6165   0.7628   0.6613   0.9010   7.30e-05     315.4  
    15    0.2392    0.2869   0.6188   0.7645   0.6684   0.8930   6.94e-05     322.5  
    16    0.2380    0.2785   0.6238   0.7683   0.6785   0.8855   6.58e-05     316.6  ← best
    17    0.2366    0.2818   0.6222   0.7671   0.6739   0.8904   6.21e-05     316.7  
    18    0.2357    0.2833   0.6227   0.7675   0.6707   0.8970   5.82e-05     319.8  
    19    0.2349    0.2788   0.6249   0.7692   0.6796   0.8860   5.44e-05     317.4  ← best
    20    0.2337    0.2801   0.6253   0.7695   0.6746   0.8954   5.05e-05     317.6  ← best
    21    0.2327    0.2820   0.6237   0.7683   0.6698   0.9006   4.66e-05     318.5  
    22    0.2315    0.2908   0.6207   0.7660   0.6608   0.9109   4.28e-05     320.7  
    23    0.2308    0.2817   0.6246   0.7689   0.6720   0.8986   3.89e-05     321.0  
    24    0.2298    0.2835   0.6239   0.7684   0.6719   0.8972   3.52e-05     315.9  
    25    0.2294    0.2794   0.6254   0.7695   0.6762   0.8927   3.16e-05     316.3  ← best
    26    0.2284    0.2818   0.6261   0.7701   0.6743   0.8976   2.80e-05     278.4  ← best
    27    0.2276    0.2792   0.6254   0.7695   0.6729   0.8985   2.46e-05     221.4  
    28    0.2272    0.2832   0.6247   0.7690   0.6688   0.9045   2.14e-05     222.5  
    29    0.2270    0.2833   0.6242   0.7686   0.6671   0.9067   1.84e-05     226.8  
    30    0.2266    0.2808   0.6267   0.7705   0.6758   0.8960   1.55e-05     223.9  ← best
    31    0.2257    0.2819   0.6262   0.7701   0.6715   0.9028   1.29e-05     223.4  
    32    0.2252    0.2834   0.6256   0.7697   0.6719   0.9009   1.05e-05     222.8  
    33    0.2253    0.2814   0.6263   0.7702   0.6720   0.9021   8.29e-06     224.6  
    34    0.2250    0.2781   0.6272   0.7709   0.6764   0.8961   6.40e-06     227.0  ← best
    35    0.2247    0.2784   0.6275   0.7711   0.6733   0.9021   4.77e-06     225.1  ← best
    36    0.2241    0.2781   0.6281   0.7716   0.6771   0.8967   3.42e-06     224.3  ← best
    37    0.2243    0.2795   0.6281   0.7716   0.6770   0.8968   2.37e-06     222.4  
    38    0.2242    0.2785   0.6270   0.7707   0.6749   0.8982   1.61e-06     224.1  
    39    0.2239    0.2772   0.6278   0.7713   0.6784   0.8937   1.15e-06     223.1  
    40    0.2241    0.2787   0.6271   0.7708   0.6744   0.8995   1.00e-06     221.5  
────────────────────────────────────────────────────────────────────────────────
Best val IoU : 0.6281  (epoch 36)  [PSPNet baseline 0.899 | gap -0.2709]
Checkpoint   : experiments/2026-09-10-label-quantity-vs-quality/checkpoints/unet_resnet34_40ep_20260909_210501/best.pth
Log (JSON)   : experiments/2026-09-10-label-quantity-vs-quality/outputs/unet_resnet34_40ep_20260909_210501.json
