Run: unet_mit_b2_40ep_20260911_010311
Date: 2026-09-11 01:03:11
Hardware: {'device': 'cuda', 'n_gpus': 1, 'gpu_name': 'Tesla V100-SXM2-32GB', 'cuda_version': '12.4'}
Config: {
  "train_dir": "data/jaipur_weak_erode/train",
  "val_dir": "data/jaipur_weak/val",
  "cache_ram": true,
  "max_samples": null,
  "train_csv": null,
  "val_csv": null,
  "image_dir": null,
  "mask_dir": null,
  "arch": "unet",
  "encoder": "mit_b2",
  "encoder_weights": "imagenet",
  "epochs": 40,
  "batch_size": 12,
  "lr": 0.0001,
  "threshold": 0.5,
  "patience": 15,
  "workers": 3,
  "seed": 43,
  "ckpt_dir": "experiments/2026-09-11-seed-variance/ckpt_s43",
  "resume": null,
  "init_weights": null,
  "save_every": 999,
  "boundary_relax": 0,
  "simulate_low_res": false,
  "log_dir": "experiments/2026-09-11-seed-variance/out_s43"
}

 Epoch    TrLoss    VaLoss      IoU       F1     Prec      Rec         LR   Time(s)  Note
────────────────────────────────────────────────────────────────────────────────
     1    0.3713    0.3011   0.5958   0.7467   0.7304   0.7637   9.98e-05     155.1  ← best
     2    0.3286    0.2881   0.6154   0.7619   0.7247   0.8031   9.94e-05     146.1  ← best
     3    0.3124    0.2806   0.6114   0.7589   0.7576   0.7602   9.86e-05     146.3  
     4    0.3026    0.2748   0.6214   0.7665   0.7509   0.7828   9.76e-05     145.9  ← best
     5    0.2957    0.2788   0.6077   0.7560   0.7752   0.7377   9.62e-05     146.3  
     6    0.2901    0.2731   0.6170   0.7631   0.7734   0.7532   9.46e-05     146.1  
     7    0.2866    0.2717   0.6177   0.7637   0.7812   0.7469   9.27e-05     146.2  
     8    0.2838    0.2596   0.6393   0.7799   0.7440   0.8196   9.05e-05     146.3  ← best
     9    0.2815    0.2639   0.6248   0.7691   0.7831   0.7555   8.81e-05     145.8  
    10    0.2787    0.2566   0.6391   0.7798   0.7686   0.7914   8.55e-05     146.3  
    11    0.2767    0.2656   0.6213   0.7664   0.7922   0.7422   8.26e-05     146.7  
    12    0.2748    0.2575   0.6360   0.7775   0.7743   0.7808   7.96e-05     146.0  
    13    0.2734    0.2588   0.6332   0.7754   0.7725   0.7783   7.64e-05     146.7  
    14    0.2718    0.2552   0.6391   0.7798   0.7696   0.7904   7.30e-05     146.0  
    15    0.2706    0.2573   0.6369   0.7782   0.7798   0.7766   6.94e-05     147.1  
    16    0.2688    0.2621   0.6296   0.7727   0.7871   0.7589   6.58e-05     145.8  
    17    0.2678    0.2543   0.6423   0.7822   0.7680   0.7969   6.21e-05     145.8  ← best
    18    0.2666    0.2555   0.6374   0.7786   0.7829   0.7743   5.82e-05     145.8  
    19    0.2652    0.2572   0.6333   0.7755   0.7876   0.7637   5.44e-05     146.2  
    20    0.2642    0.2604   0.6272   0.7709   0.7939   0.7492   5.05e-05     146.3  
    21    0.2632    0.2599   0.6283   0.7717   0.7958   0.7491   4.66e-05     146.1  
    22    0.2630    0.2556   0.6366   0.7779   0.7836   0.7724   4.28e-05     146.5  
    23    0.2615    0.2527   0.6412   0.7814   0.7822   0.7806   3.89e-05     146.3  
    24    0.2604    0.2545   0.6380   0.7790   0.7856   0.7724   3.52e-05     146.1  
    25    0.2597    0.2588   0.6300   0.7730   0.7958   0.7515   3.16e-05     146.5  
    26    0.2591    0.2570   0.6352   0.7769   0.7897   0.7646   2.80e-05     146.4  
    27    0.2585    0.2567   0.6338   0.7759   0.7935   0.7589   2.46e-05     146.4  
    28    0.2581    0.2537   0.6373   0.7785   0.7876   0.7696   2.14e-05     145.9  
    29    0.2572    0.2539   0.6394   0.7800   0.7898   0.7705   1.84e-05     146.0  
    30    0.2569    0.2548   0.6374   0.7785   0.7892   0.7681   1.55e-05     146.2  
    31    0.2560    0.2541   0.6364   0.7778   0.7908   0.7652   1.29e-05     145.8  
    32    0.2559    0.2547   0.6358   0.7774   0.7915   0.7638   1.05e-05     146.6  
────────────────────────────────────────────────────────────────────────────────
Best val IoU : 0.6423  (epoch 17)  [PSPNet baseline 0.899 | gap -0.2567]
Checkpoint   : experiments/2026-09-11-seed-variance/ckpt_s43/unet_mit_b2_40ep_20260911_010311/best.pth
Log (JSON)   : experiments/2026-09-11-seed-variance/out_s43/unet_mit_b2_40ep_20260911_010311.json
