Run: unet_resnet34_40ep_20260909_204035
Date: 2026-09-09 20:40:35
Hardware: {'device': 'cuda', 'n_gpus': 1, 'gpu_name': 'Tesla V100-SXM2-32GB', 'cuda_version': '12.4'}
Config: {
  "max_samples": null,
  "train_dir": "data/bdappv_split/google_train",
  "val_dir": "data/bdappv_split/google_val",
  "arch": "unet",
  "encoder": "resnet34",
  "encoder_weights": "imagenet",
  "epochs": 40,
  "batch_size": 16,
  "crop_size": 512,
  "lr": 0.0001,
  "threshold": 0.5,
  "patience": 15,
  "workers": 3,
  "seed": 42,
  "ckpt_dir": "experiments/2026-09-10-solar-google-to-ign/checkpoints",
  "log_dir": "experiments/2026-09-10-solar-google-to-ign/outputs",
  "resume": null,
  "save_every": 999
}

 Epoch    TrLoss    VaLoss      IoU       F1     Prec      Rec         LR  Note
────────────────────────────────────────────────────────────────────────────────
     1    0.5004    0.2674   0.7498   0.8570   0.8100   0.9099   9.98e-05     343.8  ← best
     2    0.1495    0.0871   0.8194   0.9007   0.8730   0.9302   9.94e-05     333.9  ← best
     3    0.0763    0.0627   0.8393   0.9127   0.8940   0.9322   9.86e-05     340.7  ← best
     4    0.0623    0.0613   0.8293   0.9067   0.8688   0.9480   9.76e-05     342.2  
     5    0.0562    0.0535   0.8448   0.9159   0.9114   0.9204   9.62e-05     442.7  ← best
     6    0.0532    0.0515   0.8480   0.9177   0.9212   0.9143   9.46e-05     512.9  ← best
     7    0.0507    0.0531   0.8431   0.9149   0.8941   0.9367   9.27e-05     505.3  
     8    0.0486    0.0470   0.8598   0.9246   0.9276   0.9216   9.05e-05     506.1  ← best
     9    0.0478    0.0489   0.8530   0.9207   0.9269   0.9145   8.81e-05     504.1  
    10    0.0458    0.0475   0.8546   0.9216   0.9307   0.9127   8.55e-05     497.8  
    11    0.0447    0.0481   0.8535   0.9210   0.9113   0.9309   8.26e-05     484.3  
    12    0.0434    0.0459   0.8611   0.9254   0.9218   0.9290   7.96e-05     483.8  ← best
    13    0.0432    0.0475   0.8560   0.9224   0.9213   0.9236   7.64e-05     478.0  
    14    0.0424    0.0464   0.8596   0.9245   0.9162   0.9329   7.30e-05     479.7  
    15    0.0416    0.0471   0.8577   0.9234   0.9309   0.9160   6.94e-05     480.3  
    16    0.0408    0.0464   0.8596   0.9245   0.9328   0.9163   6.58e-05     488.8  
    17    0.0408    0.0471   0.8579   0.9235   0.9184   0.9287   6.21e-05     480.3  
    18    0.0400    0.0473   0.8577   0.9234   0.9339   0.9132   5.82e-05     484.3  
    19    0.0399    0.0445   0.8639   0.9270   0.9237   0.9303   5.44e-05     484.9  ← best
    20    0.0386    0.0436   0.8677   0.9292   0.9373   0.9212   5.05e-05     487.1  ← best
    21    0.0388    0.0429   0.8693   0.9301   0.9337   0.9265   4.66e-05     486.3  ← best
    22    0.0386    0.0433   0.8679   0.9293   0.9245   0.9342   4.28e-05     332.7  
    23    0.0376    0.0447   0.8641   0.9271   0.9177   0.9367   3.89e-05     314.8  
    24    0.0375    0.0438   0.8662   0.9283   0.9282   0.9284   3.52e-05     319.2  
    25    0.0369    0.0449   0.8631   0.9265   0.9318   0.9213   3.16e-05     314.9  
    26    0.0360    0.0444   0.8649   0.9275   0.9279   0.9272   2.80e-05     314.7  
    27    0.0361    0.0432   0.8689   0.9299   0.9282   0.9316   2.46e-05     316.7  
    28    0.0359    0.0420   0.8716   0.9314   0.9292   0.9336   2.14e-05     315.3  ← best
    29    0.0359    0.0431   0.8683   0.9295   0.9281   0.9310   1.84e-05     317.2  
    30    0.0353    0.0426   0.8701   0.9305   0.9312   0.9299   1.55e-05     324.4  
    31    0.0351    0.0425   0.8704   0.9307   0.9266   0.9348   1.29e-05     317.3  
    32    0.0350    0.0426   0.8700   0.9305   0.9280   0.9330   1.05e-05     253.0  
    33    0.0350    0.0433   0.8680   0.9293   0.9254   0.9333   8.29e-06     194.3  
    34    0.0349    0.0426   0.8699   0.9304   0.9248   0.9361   6.40e-06     193.4  
    35    0.0343    0.0422   0.8713   0.9312   0.9307   0.9316   4.77e-06     193.0  
    36    0.0346    0.0423   0.8710   0.9311   0.9284   0.9337   3.42e-06     193.9  
    37    0.0342    0.0421   0.8714   0.9313   0.9279   0.9346   2.37e-06     191.5  
    38    0.0340    0.0422   0.8709   0.9310   0.9275   0.9346   1.61e-06     221.7  
