Run: unet_mit_b2_40ep_20260911_073122
Date: 2026-09-11 07:31:22
Hardware: {'device': 'cuda', 'n_gpus': 1, 'gpu_name': 'Tesla V100-SXM2-32GB', 'cuda_version': '12.4'}
Config: {
  "train_dir": "data/jaipur_weak/train",
  "val_dir": "data/jaipur_weak/val",
  "cache_ram": true,
  "max_samples": null,
  "train_csv": null,
  "val_csv": null,
  "image_dir": null,
  "mask_dir": null,
  "arch": "unet",
  "encoder": "mit_b2",
  "encoder_weights": "imagenet",
  "epochs": 40,
  "batch_size": 12,
  "lr": 0.0001,
  "threshold": 0.5,
  "patience": 15,
  "workers": 3,
  "seed": 43,
  "ckpt_dir": "experiments/2026-09-11-replication/ckpt_uneroded_s43",
  "resume": null,
  "init_weights": null,
  "save_every": 999,
  "boundary_relax": 0,
  "simulate_low_res": false,
  "log_dir": "experiments/2026-09-11-replication/out_uneroded_s43"
}

 Epoch    TrLoss    VaLoss      IoU       F1     Prec      Rec         LR   Time(s)  Note
────────────────────────────────────────────────────────────────────────────────
     1    0.3565    0.2970   0.6079   0.7561   0.7013   0.8202   9.98e-05     225.6  ← best
     2    0.3134    0.2907   0.6183   0.7641   0.6971   0.8454   9.94e-05     228.5  ← best
     3    0.2982    0.2732   0.6277   0.7712   0.7247   0.8242   9.86e-05     209.9  ← best
     4    0.2886    0.2724   0.6317   0.7743   0.7172   0.8413   9.76e-05     222.5  ← best
     5    0.2822    0.2709   0.6274   0.7711   0.7476   0.7961   9.62e-05     202.9  
     6    0.2767    0.2638   0.6373   0.7785   0.7402   0.8210   9.46e-05     209.4  ← best
     7    0.2736    0.2604   0.6414   0.7815   0.7436   0.8235   9.27e-05     171.9  ← best
     8    0.2709    0.2613   0.6436   0.7832   0.7139   0.8673   9.05e-05     146.7  ← best
     9    0.2688    0.2550   0.6456   0.7847   0.7523   0.8200   8.81e-05     146.6  ← best
    10    0.2660    0.2546   0.6504   0.7882   0.7312   0.8548   8.55e-05     146.8  ← best
    11    0.2643    0.2536   0.6465   0.7853   0.7594   0.8131   8.26e-05     146.4  
    12    0.2627    0.2517   0.6510   0.7886   0.7425   0.8408   7.96e-05     146.8  ← best
    13    0.2610    0.2521   0.6501   0.7879   0.7440   0.8373   7.64e-05     146.8  
    14    0.2595    0.2511   0.6533   0.7903   0.7332   0.8571   7.30e-05     146.4  ← best
    15    0.2583    0.2504   0.6519   0.7893   0.7497   0.8334   6.94e-05     146.4  
    16    0.2567    0.2521   0.6491   0.7872   0.7545   0.8229   6.58e-05     146.1  
    17    0.2555    0.2516   0.6534   0.7904   0.7344   0.8556   6.21e-05     147.1  ← best
    18    0.2546    0.2486   0.6548   0.7914   0.7469   0.8415   5.82e-05     146.6  ← best
    19    0.2532    0.2485   0.6541   0.7909   0.7532   0.8325   5.44e-05     147.4  
    20    0.2521    0.2484   0.6523   0.7896   0.7576   0.8244   5.05e-05     146.9  
    21    0.2512    0.2489   0.6524   0.7897   0.7618   0.8196   4.66e-05     146.6  
    22    0.2510    0.2470   0.6560   0.7923   0.7518   0.8374   4.28e-05     146.7  ← best
    23    0.2495    0.2470   0.6575   0.7934   0.7470   0.8459   3.89e-05     146.8  ← best
    24    0.2483    0.2470   0.6559   0.7922   0.7528   0.8360   3.52e-05     146.1  
    25    0.2478    0.2474   0.6545   0.7912   0.7613   0.8235   3.16e-05     146.2  
    26    0.2471    0.2468   0.6564   0.7926   0.7527   0.8369   2.80e-05     146.1  
    27    0.2464    0.2463   0.6556   0.7920   0.7592   0.8276   2.46e-05     145.8  
    28    0.2462    0.2454   0.6567   0.7928   0.7554   0.8341   2.14e-05     146.0  
    29    0.2452    0.2468   0.6567   0.7928   0.7542   0.8356   1.84e-05     146.1  
    30    0.2449    0.2460   0.6571   0.7931   0.7528   0.8379   1.55e-05     163.2  
    31    0.2441    0.2458   0.6569   0.7929   0.7571   0.8323   1.29e-05     148.4  
    32    0.2439    0.2460   0.6551   0.7916   0.7605   0.8253   1.05e-05     145.2  
    33    0.2437    0.2462   0.6560   0.7923   0.7561   0.8321   8.29e-06     145.6  
