Run: unet_resnet34_40ep_20260909_173651
Date: 2026-09-09 17:36:51
Hardware: {'device': 'cuda', 'n_gpus': 1, 'gpu_name': 'Tesla V100-SXM2-32GB', 'cuda_version': '12.4'}
Config: {
  "train_dir": "data/jaipur_weak/train",
  "val_dir": "data/jaipur_weak/val",
  "max_samples": null,
  "train_csv": null,
  "val_csv": null,
  "image_dir": null,
  "mask_dir": null,
  "arch": "unet",
  "encoder": "resnet34",
  "encoder_weights": "imagenet",
  "epochs": 40,
  "batch_size": 16,
  "lr": 0.0001,
  "threshold": 0.5,
  "patience": 15,
  "workers": 3,
  "seed": 42,
  "ckpt_dir": "experiments/2026-09-09-boundary-relaxed-loss/checkpoints",
  "resume": null,
  "init_weights": "rooftop/checkpoints/unet_resnet34_best.pth",
  "save_every": 999,
  "boundary_relax": 4,
  "simulate_low_res": false,
  "log_dir": "experiments/2026-09-09-boundary-relaxed-loss/outputs"
}

 Epoch    TrLoss    VaLoss      IoU       F1     Prec      Rec         LR   Time(s)  Note
────────────────────────────────────────────────────────────────────────────────
     1    0.2813    0.2276   0.5890   0.7413   0.7080   0.7779   9.98e-05     436.3  ← best
     2    0.2423    0.2213   0.5863   0.7392   0.7301   0.7485   9.94e-05     453.7  
     3    0.2312    0.2098   0.6077   0.7560   0.7260   0.7886   9.86e-05     508.3  ← best
     4    0.2241    0.2066   0.6094   0.7573   0.7263   0.7911   9.76e-05     467.5  ← best
     5    0.2192    0.2027   0.6074   0.7558   0.7384   0.7740   9.62e-05     429.8  
     6    0.2124    0.1994   0.6196   0.7651   0.7245   0.8105   9.46e-05     373.4  ← best
     7    0.2095    0.1970   0.6164   0.7627   0.7394   0.7875   9.27e-05     354.1  
     8    0.2057    0.1967   0.6078   0.7561   0.7613   0.7509   9.05e-05     393.2  
     9    0.2021    0.1919   0.6245   0.7689   0.7383   0.8021   8.81e-05     354.8  ← best
    10    0.1994    0.1914   0.6213   0.7664   0.7451   0.7890   8.55e-05     267.5  
    11    0.1966    0.1923   0.6254   0.7695   0.7285   0.8155   8.26e-05     268.8  ← best
    12    0.1957    0.1927   0.6269   0.7707   0.7326   0.8129   7.96e-05     262.5  ← best
    13    0.1925    0.1900   0.6215   0.7666   0.7515   0.7823   7.64e-05     245.4  
    14    0.1916    0.1917   0.6310   0.7737   0.7251   0.8293   7.30e-05     246.0  ← best
    15    0.1898    0.1866   0.6269   0.7707   0.7493   0.7933   6.94e-05     250.3  
    16    0.1884    0.1870   0.6278   0.7713   0.7498   0.7941   6.58e-05     255.7  
    17    0.1869    0.1871   0.6185   0.7643   0.7668   0.7619   6.21e-05     258.5  
    18    0.1855    0.1850   0.6261   0.7701   0.7575   0.7831   5.82e-05     246.8  
    19    0.1843    0.1844   0.6282   0.7717   0.7558   0.7882   5.44e-05     249.9  
    20    0.1832    0.1850   0.6285   0.7719   0.7540   0.7906   5.05e-05     246.9  
    21    0.1819    0.1836   0.6335   0.7756   0.7449   0.8090   4.66e-05     247.6  ← best
    22    0.1805    0.1836   0.6366   0.7779   0.7402   0.8197   4.28e-05     249.1  ← best
    23    0.1790    0.1826   0.6277   0.7713   0.7620   0.7808   3.89e-05     257.7  
    24    0.1788    0.1824   0.6321   0.7746   0.7526   0.7980   3.52e-05     259.3  
    25    0.1777    0.1832   0.6295   0.7726   0.7601   0.7856   3.16e-05     257.5  
    26    0.1764    0.1826   0.6312   0.7739   0.7563   0.7923   2.80e-05     258.2  
    27    0.1757    0.1825   0.6280   0.7715   0.7632   0.7800   2.46e-05     261.1  
    28    0.1751    0.1817   0.6327   0.7750   0.7550   0.7962   2.14e-05     260.2  
    29    0.1750    0.1822   0.6355   0.7771   0.7488   0.8077   1.84e-05     249.2  
    30    0.1747    0.1833   0.6305   0.7734   0.7598   0.7875   1.55e-05     244.5  
    31    0.1736    0.1803   0.6341   0.7761   0.7548   0.7987   1.29e-05     183.1  
