Run: unet_resnet34_30ep_20260910_083614
Date: 2026-09-10 08:36:14
Hardware: {'device': 'cuda', 'n_gpus': 1, 'gpu_name': 'Tesla V100-SXM2-32GB', 'cuda_version': '12.4'}
Config: {
  "max_samples": null,
  "train_dir": "data/bdappv_st05/train",
  "val_dir": "data/bdappv_split/google_val",
  "arch": "unet",
  "encoder": "resnet34",
  "encoder_weights": "imagenet",
  "epochs": 30,
  "batch_size": 16,
  "crop_size": 512,
  "lr": 0.0001,
  "threshold": 0.5,
  "patience": 15,
  "workers": 3,
  "seed": 42,
  "ckpt_dir": "experiments/2026-09-10-solar-selftrain-conf/checkpoints",
  "log_dir": "experiments/2026-09-10-solar-selftrain-conf/outputs",
  "resume": null,
  "save_every": 999
}

 Epoch    TrLoss    VaLoss      IoU       F1     Prec      Rec         LR  Note
────────────────────────────────────────────────────────────────────────────────
     1    0.4063    0.1151   0.7964   0.8867   0.8912   0.8821   9.97e-05     331.4  ← best
     2    0.1002    0.0626   0.8306   0.9075   0.8843   0.9319   9.89e-05     300.8  ← best
     3    0.0728    0.0531   0.8451   0.9161   0.9078   0.9244   9.76e-05     300.2  ← best
     4    0.0663    0.0543   0.8399   0.9130   0.9173   0.9088   9.57e-05     284.8  
     5    0.0618    0.0498   0.8519   0.9200   0.9207   0.9194   9.34e-05     327.0  ← best
     6    0.0581    0.0482   0.8544   0.9215   0.9220   0.9210   9.05e-05     355.7  ← best
     7    0.0569    0.0456   0.8613   0.9255   0.9217   0.9293   8.73e-05     333.9  ← best
     8    0.0556    0.0478   0.8550   0.9218   0.9102   0.9338   8.36e-05     339.9  
     9    0.0539    0.0455   0.8614   0.9255   0.9248   0.9262   7.96e-05     338.5  ← best
    10    0.0526    0.0453   0.8620   0.9259   0.9201   0.9318   7.52e-05     313.9  ← best
    11    0.0523    0.0462   0.8592   0.9243   0.9211   0.9275   7.06e-05     315.8  
    12    0.0506    0.0443   0.8649   0.9276   0.9225   0.9327   6.58e-05     311.9  ← best
    13    0.0495    0.0429   0.8687   0.9298   0.9255   0.9340   6.08e-05     309.8  ← best
    14    0.0490    0.0448   0.8639   0.9270   0.9296   0.9243   5.57e-05     311.2  
    15    0.0481    0.0426   0.8700   0.9305   0.9313   0.9296   5.05e-05     311.5  ← best
    16    0.0478    0.0431   0.8685   0.9296   0.9328   0.9265   4.53e-05     316.3  
    17    0.0475    0.0436   0.8661   0.9283   0.9169   0.9399   4.02e-05     309.6  
    18    0.0467    0.0435   0.8670   0.9288   0.9221   0.9355   3.52e-05     311.8  
    19    0.0466    0.0416   0.8725   0.9319   0.9298   0.9340   3.04e-05     316.8  ← best
    20    0.0462    0.0434   0.8667   0.9286   0.9185   0.9390   2.58e-05     326.2  
    21    0.0451    0.0426   0.8694   0.9302   0.9289   0.9314   2.14e-05     315.0  
