Run: unet_resnet34_30ep_20260910_142120
Date: 2026-09-10 14:21:20
Hardware: {'device': 'cuda', 'n_gpus': 1, 'gpu_name': 'Tesla V100-SXM2-32GB', 'cuda_version': '12.4'}
Config: {
  "cache_ram": true,
  "max_samples": null,
  "train_dir": "data/bdappv_st_r2/train",
  "val_dir": "data/bdappv_split/google_val",
  "arch": "unet",
  "encoder": "resnet34",
  "encoder_weights": "imagenet",
  "epochs": 30,
  "batch_size": 16,
  "crop_size": 512,
  "lr": 0.0001,
  "threshold": 0.5,
  "patience": 15,
  "workers": 3,
  "seed": 42,
  "ckpt_dir": "experiments/2026-09-10-selftrain-round2/ckpt",
  "log_dir": "experiments/2026-09-10-selftrain-round2/outputs",
  "resume": null,
  "save_every": 999
}

 Epoch    TrLoss    VaLoss      IoU       F1     Prec      Rec         LR  Note
────────────────────────────────────────────────────────────────────────────────
     1    0.4062    0.1183   0.7789   0.8757   0.8272   0.9302   9.97e-05     193.5  ← best
     2    0.0991    0.0626   0.8304   0.9073   0.8929   0.9222   9.89e-05     187.4  ← best
     3    0.0712    0.0528   0.8474   0.9174   0.9118   0.9231   9.76e-05     186.0  ← best
     4    0.0635    0.0534   0.8422   0.9144   0.8941   0.9355   9.57e-05     184.4  
     5    0.0595    0.0522   0.8442   0.9155   0.9040   0.9274   9.34e-05     185.4  
     6    0.0568    0.0483   0.8542   0.9213   0.9160   0.9267   9.05e-05     186.4  ← best
     7    0.0551    0.0474   0.8563   0.9226   0.9145   0.9308   8.73e-05     271.8  ← best
     8    0.0532    0.0473   0.8567   0.9228   0.9081   0.9380   8.36e-05     309.3  ← best
     9    0.0518    0.0483   0.8548   0.9217   0.9269   0.9166   7.96e-05     311.9  
    10    0.0507    0.0456   0.8613   0.9255   0.9290   0.9221   7.52e-05     315.5  ← best
    11    0.0490    0.0456   0.8614   0.9255   0.9270   0.9241   7.06e-05     316.2  ← best
    12    0.0489    0.0456   0.8613   0.9255   0.9241   0.9269   6.58e-05     317.6  
    13    0.0473    0.0439   0.8662   0.9283   0.9244   0.9322   6.08e-05     317.0  ← best
    14    0.0471    0.0426   0.8696   0.9303   0.9303   0.9303   5.57e-05     316.4  ← best
    15    0.0458    0.0438   0.8664   0.9284   0.9280   0.9289   5.05e-05     315.7  
    16    0.0446    0.0433   0.8676   0.9291   0.9253   0.9330   4.53e-05     264.9  
    17    0.0444    0.0433   0.8679   0.9293   0.9273   0.9314   4.02e-05     315.2  
    18    0.0441    0.0448   0.8638   0.9269   0.9246   0.9293   3.52e-05     315.8  
    19    0.0432    0.0429   0.8696   0.9303   0.9331   0.9274   3.04e-05     310.6  ← best
    20    0.0432    0.0446   0.8636   0.9268   0.9268   0.9268   2.58e-05     312.9  
    21    0.0427    0.0445   0.8644   0.9273   0.9195   0.9352   2.14e-05     314.7  
    22    0.0419    0.0429   0.8694   0.9301   0.9313   0.9290   1.74e-05     309.6  
    23    0.0419    0.0427   0.8696   0.9302   0.9267   0.9338   1.37e-05     270.9  
    24    0.0414    0.0428   0.8694   0.9302   0.9279   0.9324   1.05e-05     313.6  
    25    0.0408    0.0428   0.8697   0.9303   0.9237   0.9371   7.63e-06     316.5  ← best
    26    0.0407    0.0423   0.8708   0.9309   0.9321   0.9298   5.28e-06     317.0  ← best
    27    0.0408    0.0425   0.8701   0.9305   0.9271   0.9340   3.42e-06     315.2  
    28    0.0400    0.0427   0.8700   0.9305   0.9287   0.9323   2.08e-06     318.9  
    29    0.0405    0.0427   0.8699   0.9304   0.9285   0.9323   1.27e-06     318.2  
    30    0.0403    0.0427   0.8701   0.9305   0.9291   0.9320   1.00e-06     319.1  
────────────────────────────────────────────────────────────────────────────────
Best val IoU : 0.8708  (epoch 26)
Checkpoint   : experiments/2026-09-10-selftrain-round2/ckpt/unet_resnet34_30ep_20260910_142120/best.pth
