Run: unet_mit_b2_40ep_20260911_022611
Date: 2026-09-11 02:26:11
Hardware: {'device': 'cuda', 'n_gpus': 1, 'gpu_name': 'Tesla V100-SXM2-32GB', 'cuda_version': '12.4'}
Config: {
  "train_dir": "data/jaipur_weak_erode/train",
  "val_dir": "data/jaipur_weak/val",
  "cache_ram": true,
  "max_samples": null,
  "train_csv": null,
  "val_csv": null,
  "image_dir": null,
  "mask_dir": null,
  "arch": "unet",
  "encoder": "mit_b2",
  "encoder_weights": "imagenet",
  "epochs": 40,
  "batch_size": 12,
  "lr": 0.0001,
  "threshold": 0.5,
  "patience": 15,
  "workers": 3,
  "seed": 44,
  "ckpt_dir": "experiments/2026-09-11-seed-variance/ckpt_s44",
  "resume": null,
  "init_weights": null,
  "save_every": 999,
  "boundary_relax": 0,
  "simulate_low_res": false,
  "log_dir": "experiments/2026-09-11-seed-variance/out_s44"
}

 Epoch    TrLoss    VaLoss      IoU       F1     Prec      Rec         LR   Time(s)  Note
────────────────────────────────────────────────────────────────────────────────
     1    0.3848    0.3079   0.5924   0.7440   0.7357   0.7526   9.98e-05     155.3  ← best
     2    0.3288    0.2912   0.6029   0.7522   0.7542   0.7503   9.94e-05     146.1  ← best
     3    0.3107    0.2815   0.6186   0.7644   0.7497   0.7796   9.86e-05     146.5  ← best
     4    0.3021    0.2716   0.6244   0.7688   0.7515   0.7870   9.76e-05     146.0  ← best
     5    0.2951    0.2676   0.6319   0.7745   0.7486   0.8022   9.62e-05     146.0  ← best
     6    0.2894    0.2677   0.6326   0.7750   0.7577   0.7930   9.46e-05     146.1  ← best
     7    0.2865    0.2631   0.6331   0.7754   0.7609   0.7904   9.27e-05     146.7  ← best
     8    0.2841    0.2628   0.6303   0.7733   0.7619   0.7850   9.05e-05     146.7  
     9    0.2812    0.2659   0.6266   0.7705   0.7774   0.7637   8.81e-05     147.2  
    10    0.2786    0.2633   0.6291   0.7723   0.7819   0.7630   8.55e-05     147.1  
    11    0.2766    0.2618   0.6293   0.7725   0.7849   0.7604   8.26e-05     147.0  
    12    0.2747    0.2586   0.6330   0.7753   0.7797   0.7709   7.96e-05     146.9  
    13    0.2735    0.2568   0.6381   0.7791   0.7737   0.7846   7.64e-05     147.3  ← best
    14    0.2715    0.2584   0.6334   0.7755   0.7798   0.7713   7.30e-05     147.0  
    15    0.2699    0.2581   0.6324   0.7748   0.7884   0.7617   6.94e-05     147.2  
    16    0.2689    0.2587   0.6325   0.7749   0.7812   0.7686   6.58e-05     146.3  
    17    0.2674    0.2560   0.6354   0.7771   0.7817   0.7725   6.21e-05     146.8  
    18    0.2667    0.2593   0.6317   0.7743   0.7911   0.7582   5.82e-05     146.4  
    19    0.2655    0.2572   0.6329   0.7752   0.7870   0.7637   5.44e-05     146.5  
    20    0.2647    0.2632   0.6241   0.7686   0.7958   0.7431   5.05e-05     147.1  
    21    0.2633    0.2530   0.6402   0.7807   0.7844   0.7769   4.66e-05     147.1  ← best
    22    0.2630    0.2576   0.6319   0.7744   0.7944   0.7555   4.28e-05     147.3  
    23    0.2611    0.2552   0.6356   0.7772   0.7892   0.7656   3.89e-05     147.1  
    24    0.2606    0.2529   0.6412   0.7814   0.7842   0.7786   3.52e-05     146.7  ← best
    25    0.2600    0.2522   0.6432   0.7829   0.7807   0.7850   3.16e-05     146.9  ← best
    26    0.2591    0.2517   0.6428   0.7826   0.7804   0.7848   2.80e-05     147.3  
    27    0.2586    0.2511   0.6434   0.7830   0.7774   0.7887   2.46e-05     147.6  ← best
    28    0.2575    0.2545   0.6362   0.7777   0.7930   0.7629   2.14e-05     147.3  
    29    0.2572    0.2519   0.6413   0.7814   0.7850   0.7780   1.84e-05     147.2  
    30    0.2563    0.2554   0.6350   0.7768   0.7934   0.7609   1.55e-05     147.1  
    31    0.2564    0.2538   0.6380   0.7790   0.7911   0.7672   1.29e-05     147.2  
    32    0.2561    0.2527   0.6400   0.7805   0.7881   0.7730   1.05e-05     147.1  
    33    0.2555    0.2529   0.6401   0.7806   0.7895   0.7719   8.29e-06     147.0  
    34    0.2550    0.2526   0.6396   0.7802   0.7878   0.7728   6.40e-06     147.1  
    35    0.2551    0.2544   0.6366   0.7780   0.7930   0.7635   4.77e-06     146.3  
    36    0.2543    0.2545   0.6374   0.7785   0.7930   0.7646   3.42e-06     146.3  
    37    0.2544    0.2538   0.6386   0.7794   0.7897   0.7694   2.37e-06     146.4  
    38    0.2543    0.2539   0.6376   0.7787   0.7921   0.7658   1.61e-06     146.1  
    39    0.2539    0.2569   0.6327   0.7751   0.7974   0.7539   1.15e-06     146.6  
    40    0.2541    0.2543   0.6375   0.7786   0.7923   0.7654   1.00e-06     146.6  
────────────────────────────────────────────────────────────────────────────────
Best val IoU : 0.6434  (epoch 27)  [PSPNet baseline 0.899 | gap -0.2556]
Checkpoint   : experiments/2026-09-11-seed-variance/ckpt_s44/unet_mit_b2_40ep_20260911_022611/best.pth
Log (JSON)   : experiments/2026-09-11-seed-variance/out_s44/unet_mit_b2_40ep_20260911_022611.json
