Run: unet_mit_b2_40ep_20260910_053557
Date: 2026-09-10 05:35:57
Hardware: {'device': 'cuda', 'n_gpus': 1, 'gpu_name': 'Tesla V100-SXM2-32GB', 'cuda_version': '12.4'}
Config: {
  "train_dir": "data/jaipur_weak_erode/train",
  "val_dir": "data/jaipur_weak/val",
  "max_samples": null,
  "train_csv": null,
  "val_csv": null,
  "image_dir": null,
  "mask_dir": null,
  "arch": "unet",
  "encoder": "mit_b2",
  "encoder_weights": "imagenet",
  "epochs": 40,
  "batch_size": 12,
  "lr": 0.0001,
  "threshold": 0.5,
  "patience": 15,
  "workers": 3,
  "seed": 42,
  "ckpt_dir": "experiments/2026-09-10-eroded-labels-rerun/checkpoints",
  "resume": null,
  "init_weights": null,
  "save_every": 999,
  "boundary_relax": 0,
  "simulate_low_res": false,
  "log_dir": "experiments/2026-09-10-eroded-labels-rerun/outputs"
}

 Epoch    TrLoss    VaLoss      IoU       F1     Prec      Rec         LR   Time(s)  Note
────────────────────────────────────────────────────────────────────────────────
     1    0.3828    0.3096   0.5846   0.7378   0.7456   0.7303   9.98e-05     209.6  ← best
     2    0.3290    0.2912   0.6014   0.7511   0.7585   0.7438   9.94e-05     211.4  ← best
     3    0.3122    0.2873   0.6031   0.7524   0.7638   0.7414   9.86e-05     211.4  ← best
     4    0.3018    0.2744   0.6207   0.7659   0.7494   0.7832   9.76e-05     211.4  ← best
     5    0.2952    0.2686   0.6274   0.7711   0.7551   0.7878   9.62e-05     210.4  ← best
     6    0.2902    0.2723   0.6183   0.7641   0.7733   0.7552   9.46e-05     219.9  
     7    0.2863    0.2648   0.6286   0.7720   0.7686   0.7754   9.27e-05     238.8  ← best
     8    0.2829    0.2640   0.6279   0.7714   0.7778   0.7651   9.05e-05     241.6  
     9    0.2799    0.2628   0.6308   0.7736   0.7754   0.7718   8.81e-05     245.2  ← best
    10    0.2780    0.2584   0.6368   0.7781   0.7650   0.7916   8.55e-05     255.2  ← best
    11    0.2759    0.2639   0.6214   0.7665   0.7915   0.7430   8.26e-05     264.9  
    12    0.2742    0.2637   0.6239   0.7684   0.7880   0.7497   7.96e-05     287.3  
    13    0.2731    0.2671   0.6180   0.7639   0.8023   0.7290   7.64e-05     271.0  
    14    0.2712    0.2599   0.6274   0.7711   0.7910   0.7521   7.30e-05     268.4  
    15    0.2700    0.2594   0.6296   0.7727   0.7859   0.7599   6.94e-05     265.8  
    16    0.2682    0.2635   0.6204   0.7657   0.7993   0.7348   6.58e-05     270.2  
    17    0.2672    0.2538   0.6388   0.7796   0.7757   0.7834   6.21e-05     269.5  ← best
    18    0.2658    0.2562   0.6331   0.7753   0.7881   0.7630   5.82e-05     271.0  
    19    0.2646    0.2539   0.6393   0.7799   0.7823   0.7776   5.44e-05     267.1  ← best
    20    0.2636    0.2634   0.6186   0.7643   0.8035   0.7288   5.05e-05     263.6  
    21    0.2629    0.2566   0.6330   0.7752   0.7920   0.7592   4.66e-05     266.0  
    22    0.2614    0.2560   0.6336   0.7757   0.7908   0.7612   4.28e-05     265.8  
    23    0.2608    0.2564   0.6311   0.7738   0.7921   0.7563   3.89e-05     263.8  
    24    0.2599    0.2530   0.6367   0.7780   0.7880   0.7683   3.52e-05     261.4  
    25    0.2593    0.2561   0.6300   0.7730   0.7988   0.7487   3.16e-05     261.4  
    26    0.2581    0.2563   0.6336   0.7757   0.7935   0.7587   2.80e-05     296.8  
    27    0.2578    0.2587   0.6289   0.7721   0.7989   0.7471   2.46e-05     248.5  
