Run: unet_resnet34_40ep_20260910_011232
Date: 2026-09-10 01:12:32
Hardware: {'device': 'cuda', 'n_gpus': 1, 'gpu_name': 'Tesla V100-SXM2-32GB', 'cuda_version': '12.4'}
Config: {
  "train_dir": "data/jaipur_weak_erode/train",
  "val_dir": "data/jaipur_weak/val",
  "max_samples": null,
  "train_csv": null,
  "val_csv": null,
  "image_dir": null,
  "mask_dir": null,
  "arch": "unet",
  "encoder": "resnet34",
  "encoder_weights": "imagenet",
  "epochs": 40,
  "batch_size": 16,
  "lr": 0.0001,
  "threshold": 0.5,
  "patience": 15,
  "workers": 3,
  "seed": 42,
  "ckpt_dir": "experiments/2026-09-10-eroded-labels/checkpoints_resnet34",
  "resume": null,
  "init_weights": null,
  "save_every": 999,
  "boundary_relax": 0,
  "simulate_low_res": false,
  "log_dir": "experiments/2026-09-10-eroded-labels/outputs_resnet34"
}

 Epoch    TrLoss    VaLoss      IoU       F1     Prec      Rec         LR   Time(s)  Note
────────────────────────────────────────────────────────────────────────────────
     1    0.4517    0.3464   0.5694   0.7256   0.7037   0.7490   9.98e-05     195.6  ← best
     2    0.3564    0.3099   0.5851   0.7383   0.7238   0.7533   9.94e-05     194.6  ← best
     3    0.3360    0.2930   0.6001   0.7501   0.7290   0.7725   9.86e-05     193.9  ← best
     4    0.3236    0.2840   0.6076   0.7559   0.7415   0.7708   9.76e-05     193.5  ← best
     5    0.3160    0.2864   0.5973   0.7479   0.7467   0.7491   9.62e-05     192.3  
     6    0.3094    0.2766   0.6135   0.7605   0.7511   0.7701   9.46e-05     192.7  ← best
     7    0.3058    0.2763   0.6109   0.7585   0.7525   0.7645   9.27e-05     193.9  
     8    0.3022    0.2744   0.6127   0.7599   0.7585   0.7612   9.05e-05     194.7  
     9    0.2987    0.2697   0.6194   0.7650   0.7550   0.7752   8.81e-05     192.8  ← best
    10    0.2958    0.2688   0.6204   0.7657   0.7529   0.7789   8.55e-05     195.2  ← best
    11    0.2931    0.2667   0.6222   0.7671   0.7524   0.7824   8.26e-05     193.0  ← best
    12    0.2924    0.2639   0.6292   0.7724   0.7377   0.8106   7.96e-05     194.6  ← best
    13    0.2890    0.2652   0.6249   0.7691   0.7549   0.7839   7.64e-05     195.7  
    14    0.2877    0.2640   0.6270   0.7708   0.7467   0.7964   7.30e-05     193.9  
    15    0.2859    0.2641   0.6255   0.7696   0.7617   0.7777   6.94e-05     195.0  
    16    0.2847    0.2639   0.6262   0.7701   0.7601   0.7804   6.58e-05     192.1  
    17    0.2835    0.2668   0.6182   0.7641   0.7745   0.7540   6.21e-05     192.5  
    18    0.2817    0.2652   0.6206   0.7659   0.7760   0.7560   5.82e-05     198.6  
    19    0.2807    0.2632   0.6230   0.7677   0.7746   0.7609   5.44e-05     195.7  
    20    0.2800    0.2654   0.6194   0.7650   0.7744   0.7558   5.05e-05     195.0  
    21    0.2787    0.2595   0.6304   0.7733   0.7640   0.7828   4.66e-05     197.7  ← best
    22    0.2772    0.2551   0.6395   0.7801   0.7463   0.8171   4.28e-05     194.9  ← best
    23    0.2764    0.2609   0.6273   0.7710   0.7731   0.7688   3.89e-05     195.0  
    24    0.2757    0.2589   0.6304   0.7733   0.7686   0.7780   3.52e-05     195.0  
    25    0.2749    0.2614   0.6255   0.7696   0.7740   0.7654   3.16e-05     192.5  
    26    0.2739    0.2608   0.6273   0.7710   0.7725   0.7694   2.80e-05     195.9  
    27    0.2730    0.2620   0.6231   0.7678   0.7804   0.7556   2.46e-05     191.0  
    28    0.2728    0.2596   0.6288   0.7721   0.7739   0.7704   2.14e-05     195.7  
    29    0.2722    0.2569   0.6345   0.7764   0.7661   0.7870   1.84e-05     197.6  
    30    0.2719    0.2584   0.6324   0.7748   0.7683   0.7813   1.55e-05     195.1  
    31    0.2710    0.2586   0.6292   0.7724   0.7746   0.7702   1.29e-05     194.5  
    32    0.2705    0.2580   0.6307   0.7735   0.7720   0.7751   1.05e-05     196.2  
    33    0.2705    0.2579   0.6304   0.7733   0.7752   0.7714   8.29e-06     196.4  
    34    0.2698    0.2601   0.6271   0.7709   0.7789   0.7630   6.40e-06     195.4  
    35    0.2695    0.2568   0.6320   0.7745   0.7714   0.7777   4.77e-06     135.1  
