Run: unet_mit_b2_40ep_20260910_172809
Date: 2026-09-10 17:28:09
Hardware: {'device': 'cuda', 'n_gpus': 1, 'gpu_name': 'Tesla V100-SXM2-32GB', 'cuda_version': '12.4'}
Config: {
  "train_dir": "data/jaipur_pseudo_t050/train",
  "val_dir": "data/jaipur_weak/val",
  "cache_ram": true,
  "max_samples": null,
  "train_csv": null,
  "val_csv": null,
  "image_dir": null,
  "mask_dir": null,
  "arch": "unet",
  "encoder": "mit_b2",
  "encoder_weights": "imagenet",
  "epochs": 40,
  "batch_size": 12,
  "lr": 0.0001,
  "threshold": 0.5,
  "patience": 15,
  "workers": 3,
  "seed": 42,
  "ckpt_dir": "experiments/2026-09-10-jaipur-selftrain/ckpt_t050",
  "resume": null,
  "init_weights": null,
  "save_every": 999,
  "boundary_relax": 0,
  "simulate_low_res": false,
  "log_dir": "experiments/2026-09-10-jaipur-selftrain/out_t050"
}

 Epoch    TrLoss    VaLoss      IoU       F1     Prec      Rec         LR   Time(s)  Note
────────────────────────────────────────────────────────────────────────────────
     1    0.2844    0.3159   0.5909   0.7429   0.7498   0.7360   9.98e-05     376.7  ← best
     2    0.1919    0.3115   0.6024   0.7518   0.7606   0.7433   9.94e-05     383.3  ← best
     3    0.1572    0.3222   0.6242   0.7686   0.7573   0.7802   9.86e-05     281.7  ← best
     4    0.1378    0.3251   0.6169   0.7631   0.7785   0.7483   9.76e-05     282.3  
     5    0.1245    0.3249   0.6276   0.7712   0.7685   0.7739   9.62e-05     281.6  ← best
     6    0.1150    0.3311   0.6284   0.7718   0.7713   0.7723   9.46e-05     281.7  ← best
     7    0.1069    0.3510   0.6372   0.7784   0.7604   0.7973   9.27e-05     282.3  ← best
     8    0.1023    0.3531   0.6380   0.7790   0.7625   0.7962   9.05e-05     282.0  ← best
     9    0.0978    0.3570   0.6376   0.7787   0.7699   0.7878   8.81e-05     283.0  
    10    0.0942    0.3540   0.6386   0.7795   0.7699   0.7893   8.55e-05     283.3  ← best
    11    0.0911    0.3650   0.6340   0.7760   0.7819   0.7702   8.26e-05     171.6  
    12    0.0903    0.3684   0.6410   0.7813   0.7697   0.7931   7.96e-05     146.6  ← best
    13    0.0867    0.3766   0.6395   0.7801   0.7714   0.7891   7.64e-05     146.2  
    14    0.0849    0.3634   0.6381   0.7791   0.7792   0.7790   7.30e-05     146.4  
    15    0.0832    0.3761   0.6308   0.7736   0.7901   0.7578   6.94e-05     146.6  
    16    0.0816    0.3846   0.6417   0.7817   0.7748   0.7888   6.58e-05     146.1  ← best
    17    0.0807    0.3863   0.6397   0.7803   0.7742   0.7865   6.21e-05     146.6  
    18    0.0791    0.3797   0.6431   0.7828   0.7759   0.7899   5.82e-05     146.1  ← best
    19    0.0779    0.3854   0.6427   0.7825   0.7739   0.7913   5.44e-05     146.7  
    20    0.0770    0.3875   0.6401   0.7806   0.7786   0.7825   5.05e-05     206.8  
    21    0.0754    0.3852   0.6359   0.7774   0.7857   0.7693   4.66e-05     212.1  
    22    0.0745    0.3893   0.6431   0.7828   0.7748   0.7910   4.28e-05     214.3  ← best
    23    0.0742    0.3966   0.6387   0.7795   0.7812   0.7778   3.89e-05     213.3  
    24    0.0733    0.3905   0.6409   0.7811   0.7794   0.7829   3.52e-05     213.1  
    25    0.0725    0.4105   0.6390   0.7797   0.7830   0.7765   3.16e-05     231.0  
    26    0.0719    0.4003   0.6405   0.7809   0.7812   0.7805   2.80e-05     235.1  
    27    0.0717    0.4028   0.6407   0.7810   0.7813   0.7808   2.46e-05     226.0  
    28    0.0710    0.4051   0.6432   0.7829   0.7780   0.7878   2.14e-05     212.2  ← best
    29    0.0702    0.4090   0.6398   0.7803   0.7818   0.7789   1.84e-05     213.9  
    30    0.0694    0.4108   0.6407   0.7810   0.7820   0.7800   1.55e-05     213.5  
    31    0.0696    0.4045   0.6431   0.7828   0.7789   0.7868   1.29e-05     211.8  
    32    0.0691    0.4082   0.6432   0.7829   0.7792   0.7865   1.05e-05     231.7  
    33    0.0691    0.4124   0.6411   0.7813   0.7825   0.7801   8.29e-06     235.4  
    34    0.0688    0.4091   0.6430   0.7827   0.7791   0.7864   6.40e-06     225.6  
    35    0.0685    0.4155   0.6416   0.7817   0.7811   0.7823   4.77e-06     211.9  
    36    0.0688    0.4117   0.6421   0.7821   0.7796   0.7846   3.42e-06     214.3  
    37    0.0685    0.4107   0.6427   0.7825   0.7804   0.7846   2.37e-06     212.7  
    38    0.0678    0.4132   0.6411   0.7813   0.7832   0.7794   1.61e-06     216.0  
    39    0.0681    0.4189   0.6413   0.7815   0.7817   0.7813   1.15e-06     233.1  
    40    0.0677    0.4114   0.6420   0.7820   0.7812   0.7827   1.00e-06     234.1  
────────────────────────────────────────────────────────────────────────────────
Best val IoU : 0.6432  (epoch 28)  [PSPNet baseline 0.899 | gap -0.2558]
Checkpoint   : experiments/2026-09-10-jaipur-selftrain/ckpt_t050/unet_mit_b2_40ep_20260910_172809/best.pth
Log (JSON)   : experiments/2026-09-10-jaipur-selftrain/out_t050/unet_mit_b2_40ep_20260910_172809.json
