Run: unet_mit_b2_40ep_20260910_090326
Date: 2026-09-10 09:03:26
Hardware: {'device': 'cuda', 'n_gpus': 1, 'gpu_name': 'Tesla V100-SXM2-32GB', 'cuda_version': '12.4'}
Config: {
  "train_dir": "data/jaipur_weak_erode2/train",
  "val_dir": "data/jaipur_weak/val",
  "cache_ram": true,
  "max_samples": null,
  "train_csv": null,
  "val_csv": null,
  "image_dir": null,
  "mask_dir": null,
  "arch": "unet",
  "encoder": "mit_b2",
  "encoder_weights": "imagenet",
  "epochs": 40,
  "batch_size": 12,
  "lr": 0.0001,
  "threshold": 0.5,
  "patience": 15,
  "workers": 3,
  "seed": 42,
  "ckpt_dir": "experiments/2026-09-10-erosion-02/checkpoints",
  "resume": null,
  "init_weights": null,
  "save_every": 999,
  "boundary_relax": 0,
  "simulate_low_res": false,
  "log_dir": "experiments/2026-09-10-erosion-02/outputs"
}

 Epoch    TrLoss    VaLoss      IoU       F1     Prec      Rec         LR   Time(s)  Note
────────────────────────────────────────────────────────────────────────────────
     1    0.3744    0.3050   0.5952   0.7462   0.7290   0.7643   9.98e-05     156.4  ← best
     2    0.3213    0.2908   0.6052   0.7541   0.7306   0.7791   9.94e-05     146.8  ← best
     3    0.3064    0.2784   0.6203   0.7657   0.7456   0.7868   9.86e-05     146.9  ← best
     4    0.2958    0.2695   0.6291   0.7723   0.7418   0.8054   9.76e-05     146.5  ← best
     5    0.2902    0.2679   0.6299   0.7729   0.7535   0.7934   9.62e-05     146.7  ← best
     6    0.2855    0.2650   0.6340   0.7760   0.7556   0.7975   9.46e-05     146.6  ← best
     7    0.2813    0.2613   0.6323   0.7748   0.7603   0.7898   9.27e-05     146.7  
     8    0.2778    0.2576   0.6383   0.7792   0.7612   0.7981   9.05e-05     146.6  ← best
     9    0.2753    0.2568   0.6439   0.7834   0.7345   0.8393   8.81e-05     146.6  ← best
    10    0.2738    0.2543   0.6443   0.7837   0.7569   0.8124   8.55e-05     146.7  ← best
    11    0.2705    0.2555   0.6397   0.7803   0.7631   0.7983   8.26e-05     146.6  
    12    0.2696    0.2513   0.6477   0.7862   0.7536   0.8217   7.96e-05     146.6  ← best
    13    0.2675    0.2519   0.6456   0.7846   0.7635   0.8070   7.64e-05     146.4  
    14    0.2661    0.2533   0.6435   0.7831   0.7679   0.7989   7.30e-05     146.8  
    15    0.2646    0.2518   0.6471   0.7858   0.7699   0.8023   6.94e-05     146.5  
    16    0.2631    0.2489   0.6509   0.7885   0.7587   0.8207   6.58e-05     146.4  ← best
    17    0.2620    0.2504   0.6483   0.7866   0.7695   0.8044   6.21e-05     146.6  
    18    0.2614    0.2512   0.6470   0.7856   0.7718   0.8000   5.82e-05     146.3  
    19    0.2600    0.2491   0.6494   0.7874   0.7709   0.8047   5.44e-05     146.6  
    20    0.2592    0.2500   0.6472   0.7858   0.7745   0.7974   5.05e-05     146.5  
    21    0.2573    0.2513   0.6440   0.7834   0.7808   0.7861   4.66e-05     146.5  
    22    0.2565    0.2489   0.6493   0.7874   0.7753   0.7999   4.28e-05     146.3  
    23    0.2559    0.2490   0.6483   0.7866   0.7748   0.7988   3.89e-05     146.5  
