Run: unet_resnet34_40ep_20260909_171814
Date: 2026-09-09 17:18:14
Hardware: {'device': 'cuda', 'n_gpus': 1, 'gpu_name': 'Tesla V100-SXM2-32GB', 'cuda_version': '12.4'}
Config: {
  "train_dir": "data/jaipur_weak/train",
  "val_dir": "data/jaipur_weak/val",
  "max_samples": null,
  "train_csv": null,
  "val_csv": null,
  "image_dir": null,
  "mask_dir": null,
  "arch": "unet",
  "encoder": "resnet34",
  "encoder_weights": "imagenet",
  "epochs": 40,
  "batch_size": 16,
  "lr": 0.0001,
  "threshold": 0.5,
  "patience": 15,
  "workers": 4,
  "seed": 42,
  "ckpt_dir": "experiments/2026-09-09-does-the-airs-seed-help/checkpoints",
  "resume": null,
  "init_weights": null,
  "save_every": 999,
  "simulate_low_res": false,
  "log_dir": "experiments/2026-09-09-does-the-airs-seed-help/outputs"
}

 Epoch    TrLoss    VaLoss      IoU       F1     Prec      Rec         LR   Time(s)  Note
────────────────────────────────────────────────────────────────────────────────
     1    0.4290    0.3462   0.5782   0.7327   0.6702   0.8080   9.98e-05     178.5  ← best
     2    0.3399    0.3085   0.5971   0.7477   0.6865   0.8210   9.94e-05     184.6  ← best
     3    0.3218    0.2950   0.6084   0.7565   0.6798   0.8528   9.86e-05     176.2  ← best
     4    0.3099    0.2814   0.6180   0.7639   0.6984   0.8430   9.76e-05     190.4  ← best
     5    0.3022    0.2742   0.6214   0.7665   0.7223   0.8165   9.62e-05     302.6  ← best
     6    0.2960    0.2702   0.6271   0.7708   0.7242   0.8238   9.46e-05     388.8  ← best
     7    0.2926    0.2693   0.6281   0.7716   0.7254   0.8240   9.27e-05     403.5  ← best
     8    0.2889    0.2696   0.6261   0.7700   0.7288   0.8162   9.05e-05     420.4  
     9    0.2849    0.2646   0.6316   0.7742   0.7314   0.8223   8.81e-05     457.7  ← best
    10    0.2824    0.2637   0.6330   0.7753   0.7263   0.8313   8.55e-05     384.4  ← best
    11    0.2799    0.2626   0.6357   0.7773   0.7141   0.8527   8.26e-05     377.3  ← best
    12    0.2785    0.2631   0.6351   0.7768   0.7197   0.8439   7.96e-05     325.8  
    13    0.2759    0.2578   0.6392   0.7799   0.7275   0.8405   7.64e-05     310.1  ← best
    14    0.2745    0.2591   0.6398   0.7804   0.7282   0.8406   7.30e-05     346.6  ← best
    15    0.2733    0.2596   0.6375   0.7786   0.7331   0.8302   6.94e-05     334.8  
    16    0.2719    0.2582   0.6406   0.7809   0.7299   0.8396   6.58e-05     251.4  ← best
    17    0.2709    0.2564   0.6392   0.7799   0.7467   0.8162   6.21e-05     232.5  
    18    0.2690    0.2557   0.6423   0.7822   0.7288   0.8441   5.82e-05     232.9  ← best
    19    0.2677    0.2541   0.6423   0.7822   0.7398   0.8298   5.44e-05     225.1  
    20    0.2673    0.2542   0.6440   0.7834   0.7323   0.8422   5.05e-05     217.6  ← best
    21    0.2662    0.2537   0.6435   0.7831   0.7448   0.8255   4.66e-05     216.7  
    22    0.2653    0.2529   0.6461   0.7850   0.7284   0.8512   4.28e-05     215.9  ← best
    23    0.2640    0.2539   0.6448   0.7841   0.7359   0.8389   3.89e-05     217.2  
    24    0.2631    0.2524   0.6459   0.7848   0.7345   0.8426   3.52e-05     225.0  
    25    0.2628    0.2541   0.6431   0.7828   0.7460   0.8234   3.16e-05     214.4  
    26    0.2610    0.2515   0.6468   0.7855   0.7377   0.8400   2.80e-05     214.0  ← best
    27    0.2610    0.2525   0.6445   0.7838   0.7462   0.8255   2.46e-05     212.9  
    28    0.2602    0.2522   0.6444   0.7838   0.7480   0.8231   2.14e-05     214.2  
    29    0.2592    0.2514   0.6471   0.7857   0.7379   0.8403   1.84e-05     217.3  ← best
    30    0.2590    0.2517   0.6472   0.7859   0.7357   0.8433   1.55e-05     213.2  ← best
    31    0.2582    0.2502   0.6471   0.7857   0.7420   0.8349   1.29e-05     215.8  
    32    0.2582    0.2509   0.6467   0.7855   0.7432   0.8328   1.05e-05     224.1  
    33    0.2579    0.2499   0.6483   0.7866   0.7363   0.8443   8.29e-06     225.7  ← best
    34    0.2577    0.2503   0.6461   0.7850   0.7466   0.8276   6.40e-06     229.6  
    35    0.2572    0.2493   0.6481   0.7865   0.7414   0.8374   4.77e-06     226.6  
    36    0.2566    0.2507   0.6471   0.7858   0.7398   0.8379   3.42e-06     228.7  
    37    0.2566    0.2503   0.6465   0.7853   0.7467   0.8281   2.37e-06     226.0  
    38    0.2567    0.2501   0.6467   0.7854   0.7478   0.8271   1.61e-06     218.5  
    39    0.2563    0.2501   0.6471   0.7858   0.7453   0.8309   1.15e-06     209.8  
    40    0.2564    0.2498   0.6477   0.7862   0.7437   0.8338   1.00e-06     208.3  
────────────────────────────────────────────────────────────────────────────────
Best val IoU : 0.6483  (epoch 33)  [PSPNet baseline 0.899 | gap -0.2507]
Checkpoint   : experiments/2026-09-09-does-the-airs-seed-help/checkpoints/unet_resnet34_40ep_20260909_171814/best.pth
Log (JSON)   : experiments/2026-09-09-does-the-airs-seed-help/outputs/unet_resnet34_40ep_20260909_171814.json
