Run: unet_resnet34_40ep_20260909_152425
Date: 2026-09-09 15:24:25
Hardware: {'device': 'cuda', 'n_gpus': 1, 'gpu_name': 'Tesla V100-SXM2-32GB', 'cuda_version': '12.4'}
Config: {
  "train_dir": "data/jaipur_weak/train",
  "val_dir": "data/jaipur_weak/val",
  "max_samples": null,
  "train_csv": null,
  "val_csv": null,
  "image_dir": null,
  "mask_dir": null,
  "arch": "unet",
  "encoder": "resnet34",
  "encoder_weights": "imagenet",
  "epochs": 40,
  "batch_size": 16,
  "lr": 0.0001,
  "threshold": 0.5,
  "patience": 15,
  "workers": 4,
  "seed": 42,
  "ckpt_dir": "experiments/2026-09-09-weak-supervision-jaipur/checkpoints",
  "resume": null,
  "init_weights": "rooftop/checkpoints/unet_resnet34_best.pth",
  "save_every": 10,
  "simulate_low_res": false,
  "log_dir": "experiments/2026-09-09-weak-supervision-jaipur/outputs"
}

 Epoch    TrLoss    VaLoss      IoU       F1     Prec      Rec         LR   Time(s)  Note
────────────────────────────────────────────────────────────────────────────────
     1    0.3593    0.3019   0.5889   0.7412   0.6946   0.7946   9.98e-05     162.0  ← best
     2    0.3228    0.2922   0.5996   0.7497   0.7126   0.7909   9.94e-05     161.6  ← best
     3    0.3136    0.2834   0.6151   0.7617   0.6937   0.8445   9.86e-05     159.9  ← best
     4    0.3055    0.2758   0.6209   0.7661   0.7069   0.8362   9.76e-05     156.8  ← best
     5    0.2998    0.2729   0.6225   0.7673   0.7214   0.8195   9.62e-05     156.5  ← best
     6    0.2939    0.2695   0.6255   0.7696   0.7310   0.8124   9.46e-05     162.2  ← best
     7    0.2910    0.2675   0.6275   0.7711   0.7316   0.8152   9.27e-05     153.7  ← best
     8    0.2875    0.2675   0.6259   0.7699   0.7352   0.8080   9.05e-05     159.0  
     9    0.2836    0.2642   0.6310   0.7738   0.7325   0.8199   8.81e-05     156.4  ← best
    10    0.2813    0.2642   0.6317   0.7743   0.7286   0.8261   8.55e-05     157.7  ← best
    11    0.2788    0.2622   0.6350   0.7767   0.7181   0.8458   8.26e-05     156.3  ← best
    12    0.2772    0.2625   0.6340   0.7760   0.7231   0.8373   7.96e-05     159.1  
    13    0.2748    0.2599   0.6377   0.7788   0.7181   0.8507   7.64e-05     154.7  ← best
    14    0.2733    0.2594   0.6389   0.7797   0.7272   0.8403   7.30e-05     154.8  ← best
    15    0.2725    0.2589   0.6374   0.7786   0.7311   0.8327   6.94e-05     157.2  
    16    0.2708    0.2570   0.6412   0.7813   0.7339   0.8354   6.58e-05     162.6  ← best
    17    0.2694    0.2577   0.6362   0.7776   0.7514   0.8058   6.21e-05     156.2  
    18    0.2680    0.2552   0.6414   0.7816   0.7366   0.8324   5.82e-05     155.9  ← best
    19    0.2666    0.2541   0.6426   0.7824   0.7375   0.8331   5.44e-05     155.6  ← best
    20    0.2659    0.2543   0.6434   0.7830   0.7365   0.8358   5.05e-05     156.6  ← best
    21    0.2648    0.2543   0.6429   0.7826   0.7395   0.8311   4.66e-05     152.6  
    22    0.2637    0.2527   0.6459   0.7848   0.7318   0.8461   4.28e-05     151.8  ← best
    23    0.2628    0.2535   0.6445   0.7838   0.7386   0.8351   3.89e-05     150.6  
    24    0.2619    0.2534   0.6455   0.7845   0.7271   0.8519   3.52e-05     152.5  
    25    0.2615    0.2526   0.6447   0.7840   0.7422   0.8308   3.16e-05     155.7  
    26    0.2597    0.2523   0.6459   0.7849   0.7379   0.8383   2.80e-05     162.0  ← best
    27    0.2598    0.2525   0.6440   0.7834   0.7486   0.8216   2.46e-05     158.6  
    28    0.2589    0.2520   0.6439   0.7833   0.7481   0.8221   2.14e-05     163.9  
    29    0.2580    0.2520   0.6468   0.7856   0.7357   0.8426   1.84e-05     159.0  ← best
    30    0.2577    0.2516   0.6464   0.7852   0.7400   0.8363   1.55e-05     160.2  
    31    0.2572    0.2511   0.6464   0.7852   0.7416   0.8343   1.29e-05     187.3  
    32    0.2571    0.2511   0.6465   0.7853   0.7423   0.8336   1.05e-05     174.1  
    33    0.2563    0.2507   0.6475   0.7861   0.7361   0.8434   8.29e-06     160.5  ← best
    34    0.2563    0.2512   0.6455   0.7846   0.7450   0.8286   6.40e-06     229.7  
    35    0.2559    0.2501   0.6473   0.7859   0.7411   0.8364   4.77e-06     161.3  
    36    0.2555    0.2510   0.6467   0.7854   0.7408   0.8358   3.42e-06     153.5  
    37    0.2553    0.2513   0.6454   0.7845   0.7462   0.8268   2.37e-06     151.5  
    38    0.2554    0.2509   0.6458   0.7848   0.7469   0.8267   1.61e-06     154.5  
    39    0.2550    0.2508   0.6466   0.7854   0.7437   0.8320   1.15e-06     153.2  
    40    0.2553    0.2504   0.6470   0.7856   0.7433   0.8330   1.00e-06     154.1  
────────────────────────────────────────────────────────────────────────────────
Best val IoU : 0.6475  (epoch 33)  [PSPNet baseline 0.899 | gap -0.2515]
Checkpoint   : experiments/2026-09-09-weak-supervision-jaipur/checkpoints/unet_resnet34_40ep_20260909_152425/best.pth
Log (JSON)   : experiments/2026-09-09-weak-supervision-jaipur/outputs/unet_resnet34_40ep_20260909_152425.json
