Run: unet_resnet34_30ep_20260910_123658
Date: 2026-09-10 12:36:58
Hardware: {'device': 'cuda', 'n_gpus': 1, 'gpu_name': 'Tesla V100-SXM2-32GB', 'cuda_version': '12.4'}
Config: {
  "cache_ram": true,
  "max_samples": null,
  "train_dir": "data/bdappv_st_r0.008/train",
  "val_dir": "data/bdappv_split/google_val",
  "arch": "unet",
  "encoder": "resnet34",
  "encoder_weights": "imagenet",
  "epochs": 30,
  "batch_size": 16,
  "crop_size": 512,
  "lr": 0.0001,
  "threshold": 0.5,
  "patience": 15,
  "workers": 3,
  "seed": 42,
  "ckpt_dir": "experiments/2026-09-10-selftrain-threshold-cliff/ckpt_r008",
  "log_dir": "experiments/2026-09-10-selftrain-threshold-cliff/out_r008",
  "resume": null,
  "save_every": 999
}

 Epoch    TrLoss    VaLoss      IoU       F1     Prec      Rec         LR  Note
────────────────────────────────────────────────────────────────────────────────
     1    0.4042    0.1151   0.7940   0.8852   0.8631   0.9084   9.97e-05     174.7  ← best
     2    0.1048    0.0627   0.8302   0.9072   0.8918   0.9232   9.89e-05     167.8  ← best
     3    0.0779    0.0536   0.8445   0.9157   0.8979   0.9342   9.76e-05     171.0  ← best
     4    0.0710    0.0510   0.8472   0.9173   0.9044   0.9305   9.57e-05     172.2  ← best
     5    0.0662    0.0542   0.8373   0.9115   0.8940   0.9297   9.34e-05     172.4  
     6    0.0643    0.0470   0.8572   0.9231   0.9129   0.9336   9.05e-05     170.7  ← best
     7    0.0618    0.0477   0.8557   0.9222   0.9160   0.9286   8.73e-05     171.5  
     8    0.0602    0.0475   0.8565   0.9227   0.9129   0.9327   8.36e-05     168.9  
     9    0.0590    0.0481   0.8544   0.9215   0.9240   0.9190   7.96e-05     168.5  
    10    0.0577    0.0449   0.8631   0.9265   0.9324   0.9207   7.52e-05     175.5  ← best
    11    0.0566    0.0459   0.8600   0.9247   0.9145   0.9352   7.06e-05     171.3  
    12    0.0560    0.0459   0.8602   0.9248   0.9202   0.9296   6.58e-05     171.7  
    13    0.0552    0.0458   0.8609   0.9253   0.9192   0.9314   6.08e-05     170.0  
    14    0.0541    0.0439   0.8662   0.9283   0.9231   0.9337   5.57e-05     168.8  ← best
    15    0.0531    0.0443   0.8644   0.9273   0.9221   0.9325   5.05e-05     169.9  
    16    0.0526    0.0439   0.8657   0.9280   0.9273   0.9288   4.53e-05     170.5  
    17    0.0519    0.0436   0.8669   0.9287   0.9286   0.9288   4.02e-05     171.7  ← best
    18    0.0516    0.0438   0.8659   0.9281   0.9298   0.9264   3.52e-05     172.7  
