Run: unet_resnet34_30ep_20260910_142752
Date: 2026-09-10 14:27:52
Hardware: {'device': 'cuda', 'n_gpus': 1, 'gpu_name': 'Tesla V100-SXM2-32GB', 'cuda_version': '12.4'}
Config: {
  "cache_ram": true,
  "max_samples": null,
  "train_dir": "data/bdappv_st_r0.010/train",
  "val_dir": "data/bdappv_split/google_val",
  "arch": "unet",
  "encoder": "resnet34",
  "encoder_weights": "imagenet",
  "epochs": 30,
  "batch_size": 16,
  "crop_size": 512,
  "lr": 0.0001,
  "threshold": 0.5,
  "patience": 15,
  "workers": 3,
  "seed": 42,
  "ckpt_dir": "experiments/2026-09-10-selftrain-threshold-cliff/ckpt_r010",
  "log_dir": "experiments/2026-09-10-selftrain-threshold-cliff/out_r010",
  "resume": null,
  "save_every": 999
}

 Epoch    TrLoss    VaLoss      IoU       F1     Prec      Rec         LR  Note
────────────────────────────────────────────────────────────────────────────────
     1    0.4037    0.1150   0.7989   0.8882   0.8657   0.9120   9.97e-05     189.0  ← best
     2    0.1109    0.0625   0.8322   0.9084   0.9044   0.9125   9.89e-05     176.0  ← best
     3    0.0843    0.0554   0.8402   0.9132   0.8939   0.9333   9.76e-05     176.7  ← best
     4    0.0771    0.0504   0.8497   0.9188   0.9096   0.9281   9.57e-05     180.2  ← best
     5    0.0723    0.0520   0.8444   0.9156   0.9048   0.9267   9.34e-05     319.7  
     6    0.0702    0.0456   0.8617   0.9257   0.9210   0.9304   9.05e-05     422.2  ← best
     7    0.0686    0.0486   0.8529   0.9206   0.9130   0.9283   8.73e-05     424.7  
     8    0.0666    0.0468   0.8583   0.9237   0.9111   0.9367   8.36e-05     428.2  
     9    0.0647    0.0480   0.8546   0.9216   0.9134   0.9299   7.96e-05     428.3  
    10    0.0637    0.0450   0.8625   0.9262   0.9298   0.9226   7.52e-05     320.2  ← best
    11    0.0622    0.0450   0.8630   0.9265   0.9213   0.9317   7.06e-05     314.7  ← best
    12    0.0614    0.0469   0.8578   0.9234   0.9223   0.9246   6.58e-05     310.9  
    13    0.0611    0.0479   0.8536   0.9210   0.9042   0.9386   6.08e-05     316.5  
    14    0.0601    0.0442   0.8654   0.9279   0.9214   0.9345   5.57e-05     268.0  ← best
    15    0.0591    0.0438   0.8657   0.9280   0.9280   0.9280   5.05e-05     312.8  ← best
    16    0.0576    0.0433   0.8679   0.9293   0.9313   0.9273   4.53e-05     310.3  ← best
    17    0.0571    0.0438   0.8663   0.9284   0.9326   0.9241   4.02e-05     314.3  
    18    0.0570    0.0430   0.8678   0.9292   0.9255   0.9330   3.52e-05     397.3  
    19    0.0558    0.0429   0.8689   0.9298   0.9267   0.9330   3.04e-05     421.5  ← best
    20    0.0552    0.0429   0.8683   0.9295   0.9254   0.9337   2.58e-05     428.7  
    21    0.0554    0.0427   0.8691   0.9300   0.9227   0.9374   2.14e-05     431.6  ← best
