Run: unet_mit_b2_40ep_20260910_210840
Date: 2026-09-10 21:08:40
Hardware: {'device': 'cuda', 'n_gpus': 1, 'gpu_name': 'Tesla V100-SXM2-32GB', 'cuda_version': '12.4'}
Config: {
  "train_dir": "data/jaipur_pseudo_t050_e02/train",
  "val_dir": "data/jaipur_weak/val",
  "cache_ram": true,
  "max_samples": null,
  "train_csv": null,
  "val_csv": null,
  "image_dir": null,
  "mask_dir": null,
  "arch": "unet",
  "encoder": "mit_b2",
  "encoder_weights": "imagenet",
  "epochs": 40,
  "batch_size": 12,
  "lr": 0.0001,
  "threshold": 0.5,
  "patience": 15,
  "workers": 3,
  "seed": 42,
  "ckpt_dir": "experiments/2026-09-11-selftrain-eroded-pseudo/ckpt_e02",
  "resume": null,
  "init_weights": null,
  "save_every": 999,
  "boundary_relax": 0,
  "simulate_low_res": false,
  "log_dir": "experiments/2026-09-11-selftrain-eroded-pseudo/out_e02"
}

 Epoch    TrLoss    VaLoss      IoU       F1     Prec      Rec         LR   Time(s)  Note
────────────────────────────────────────────────────────────────────────────────
     1    0.2897    0.3220   0.5794   0.7337   0.7615   0.7079   9.98e-05     236.4  ← best
     2    0.1946    0.3252   0.5814   0.7353   0.7766   0.6981   9.94e-05     246.2  ← best
     3    0.1595    0.3289   0.6110   0.7585   0.7733   0.7443   9.86e-05     219.7  ← best
     4    0.1390    0.3405   0.5982   0.7486   0.7916   0.7100   9.76e-05     215.6  
     5    0.1252    0.3363   0.6140   0.7609   0.7835   0.7395   9.62e-05     221.6  ← best
     6    0.1161    0.3417   0.6141   0.7609   0.7837   0.7395   9.46e-05     248.6  ← best
     7    0.1085    0.3607   0.6223   0.7672   0.7763   0.7582   9.27e-05     225.1  ← best
     8    0.1039    0.3622   0.6261   0.7701   0.7767   0.7636   9.05e-05     214.8  ← best
     9    0.0994    0.3685   0.6236   0.7682   0.7833   0.7536   8.81e-05     222.0  
    10    0.0956    0.3699   0.6250   0.7692   0.7839   0.7551   8.55e-05     248.9  
    11    0.0923    0.3813   0.6171   0.7632   0.7970   0.7322   8.26e-05     227.3  
    12    0.0922    0.3791   0.6242   0.7686   0.7861   0.7518   7.96e-05     215.2  
    13    0.0881    0.3859   0.6222   0.7671   0.7885   0.7468   7.64e-05     217.8  
    14    0.0863    0.3887   0.6219   0.7669   0.7930   0.7424   7.30e-05     247.2  
    15    0.0844    0.3997   0.6185   0.7643   0.7969   0.7342   6.94e-05     233.2  
    16    0.0830    0.3986   0.6251   0.7693   0.7905   0.7493   6.58e-05     213.9  
    17    0.0821    0.4020   0.6232   0.7679   0.7892   0.7477   6.21e-05     215.6  
    18    0.0806    0.4023   0.6282   0.7717   0.7906   0.7536   5.82e-05     247.5  ← best
    19    0.0793    0.4020   0.6293   0.7725   0.7868   0.7587   5.44e-05     235.5  ← best
    20    0.0784    0.4102   0.6265   0.7703   0.7922   0.7497   5.05e-05     214.8  
    21    0.0766    0.4125   0.6193   0.7649   0.7970   0.7353   4.66e-05     214.9  
    22    0.0759    0.4114   0.6285   0.7719   0.7886   0.7558   4.28e-05     244.7  
    23    0.0755    0.4170   0.6247   0.7690   0.7927   0.7467   3.89e-05     239.7  
    24    0.0746    0.4141   0.6251   0.7693   0.7939   0.7462   3.52e-05     214.0  
    25    0.0738    0.4332   0.6259   0.7699   0.7937   0.7475   3.16e-05     216.0  
    26    0.0732    0.4220   0.6241   0.7685   0.7955   0.7434   2.80e-05     246.4  
    27    0.0730    0.4255   0.6266   0.7704   0.7938   0.7484   2.46e-05     237.2  
    28    0.0722    0.4251   0.6299   0.7730   0.7899   0.7567   2.14e-05     214.2  ← best
    29    0.0715    0.4316   0.6229   0.7676   0.7958   0.7413   1.84e-05     224.4  
    30    0.0707    0.4324   0.6264   0.7703   0.7944   0.7476   1.55e-05     248.9  
    31    0.0709    0.4270   0.6288   0.7721   0.7922   0.7531   1.29e-05     223.1  
    32    0.0704    0.4338   0.6288   0.7721   0.7926   0.7526   1.05e-05     214.8  
    33    0.0702    0.4379   0.6264   0.7703   0.7950   0.7471   8.29e-06     222.7  
    34    0.0701    0.4322   0.6289   0.7722   0.7924   0.7530   6.40e-06     248.4  
    35    0.0698    0.4413   0.6268   0.7706   0.7938   0.7487   4.77e-06     226.5  
    36    0.0700    0.4338   0.6278   0.7713   0.7925   0.7512   3.42e-06     215.1  
    37    0.0697    0.4341   0.6284   0.7718   0.7937   0.7511   2.37e-06     225.6  
    38    0.0691    0.4374   0.6261   0.7701   0.7965   0.7454   1.61e-06     251.3  
    39    0.0693    0.4427   0.6265   0.7703   0.7948   0.7474   1.15e-06     219.6  
    40    0.0690    0.4367   0.6270   0.7707   0.7951   0.7479   1.00e-06     216.2  
────────────────────────────────────────────────────────────────────────────────
Best val IoU : 0.6299  (epoch 28)  [PSPNet baseline 0.899 | gap -0.2691]
Checkpoint   : experiments/2026-09-11-selftrain-eroded-pseudo/ckpt_e02/unet_mit_b2_40ep_20260910_210840/best.pth
Log (JSON)   : experiments/2026-09-11-selftrain-eroded-pseudo/out_e02/unet_mit_b2_40ep_20260910_210840.json
