Run: unet_mit_b2_40ep_20260910_231149
Date: 2026-09-10 23:11:49
Hardware: {'device': 'cuda', 'n_gpus': 1, 'gpu_name': 'Tesla V100-SXM2-32GB', 'cuda_version': '12.4'}
Config: {
  "train_dir": "data/jaipur_weak/train",
  "val_dir": "data/jaipur_weak/val",
  "cache_ram": true,
  "max_samples": null,
  "train_csv": null,
  "val_csv": null,
  "image_dir": null,
  "mask_dir": null,
  "arch": "unet",
  "encoder": "mit_b2",
  "encoder_weights": "imagenet",
  "epochs": 40,
  "batch_size": 12,
  "lr": 0.0001,
  "threshold": 0.5,
  "patience": 15,
  "workers": 3,
  "seed": 42,
  "ckpt_dir": "experiments/2026-09-11-inference-threshold-sweep/ckpt_uneroded",
  "resume": null,
  "init_weights": null,
  "save_every": 999,
  "boundary_relax": 0,
  "simulate_low_res": false,
  "log_dir": "experiments/2026-09-11-inference-threshold-sweep/out_uneroded"
}

 Epoch    TrLoss    VaLoss      IoU       F1     Prec      Rec         LR   Time(s)  Note
────────────────────────────────────────────────────────────────────────────────
     1    0.3651    0.3019   0.6014   0.7511   0.7125   0.7942   9.98e-05     156.4  ← best
     2    0.3130    0.2899   0.6102   0.7579   0.7132   0.8086   9.94e-05     146.8  ← best
     3    0.2983    0.2757   0.6263   0.7702   0.7294   0.8159   9.86e-05     147.7  ← best
     4    0.2879    0.2684   0.6339   0.7759   0.7268   0.8321   9.76e-05     147.5  ← best
     5    0.2826    0.2660   0.6351   0.7768   0.7368   0.8214   9.62e-05     146.9  ← best
     6    0.2780    0.2625   0.6408   0.7811   0.7319   0.8373   9.46e-05     147.2  ← best
     7    0.2738    0.2579   0.6411   0.7813   0.7391   0.8287   9.27e-05     147.0  ← best
     8    0.2704    0.2558   0.6449   0.7842   0.7434   0.8296   9.05e-05     147.0  ← best
     9    0.2681    0.2589   0.6449   0.7841   0.7178   0.8639   8.81e-05     146.4  
    10    0.2666    0.2530   0.6495   0.7875   0.7417   0.8393   8.55e-05     146.6  ← best
    11    0.2632    0.2542   0.6454   0.7845   0.7455   0.8277   8.26e-05     146.4  
    12    0.2626    0.2529   0.6499   0.7878   0.7322   0.8525   7.96e-05     147.0  ← best
    13    0.2604    0.2503   0.6513   0.7888   0.7466   0.8362   7.64e-05     147.1  ← best
    14    0.2590    0.2506   0.6520   0.7894   0.7408   0.8448   7.30e-05     146.2  ← best
    15    0.2577    0.2502   0.6536   0.7905   0.7477   0.8385   6.94e-05     146.2  ← best
    16    0.2560    0.2484   0.6545   0.7911   0.7407   0.8489   6.58e-05     146.9  ← best
    17    0.2550    0.2483   0.6546   0.7913   0.7508   0.8363   6.21e-05     147.1  ← best
    18    0.2544    0.2485   0.6535   0.7904   0.7555   0.8288   5.82e-05     146.2  
    19    0.2530    0.2477   0.6553   0.7918   0.7511   0.8371   5.44e-05     146.7  ← best
    20    0.2523    0.2468   0.6548   0.7914   0.7578   0.8281   5.05e-05     146.5  
    21    0.2503    0.2480   0.6528   0.7899   0.7607   0.8215   4.66e-05     146.8  
    22    0.2495    0.2459   0.6559   0.7922   0.7595   0.8278   4.28e-05     147.1  ← best
    23    0.2490    0.2471   0.6548   0.7914   0.7589   0.8267   3.89e-05     146.7  
    24    0.2483    0.2476   0.6546   0.7913   0.7633   0.8213   3.52e-05     146.3  
    25    0.2469    0.2466   0.6562   0.7924   0.7562   0.8322   3.16e-05     146.2  ← best
    26    0.2470    0.2462   0.6573   0.7932   0.7499   0.8418   2.80e-05     146.5  ← best
    27    0.2462    0.2457   0.6576   0.7934   0.7508   0.8412   2.46e-05     146.4  ← best
    28    0.2452    0.2460   0.6576   0.7934   0.7533   0.8381   2.14e-05     146.3  ← best
    29    0.2448    0.2462   0.6561   0.7924   0.7589   0.8289   1.84e-05     147.0  
    30    0.2441    0.2462   0.6562   0.7924   0.7578   0.8304   1.55e-05     146.2  
    31    0.2440    0.2461   0.6559   0.7922   0.7610   0.8259   1.29e-05     146.7  
    32    0.2433    0.2453   0.6571   0.7931   0.7600   0.8291   1.05e-05     146.9  
