Run: unet_mit_b2_40ep_20260910_171610
Date: 2026-09-10 17:16:10
Hardware: {'device': 'cuda', 'n_gpus': 1, 'gpu_name': 'Tesla V100-SXM2-32GB', 'cuda_version': '12.4'}
Config: {
  "train_dir": "data/jaipur_pseudo_t080/train",
  "val_dir": "data/jaipur_weak/val",
  "cache_ram": true,
  "max_samples": null,
  "train_csv": null,
  "val_csv": null,
  "image_dir": null,
  "mask_dir": null,
  "arch": "unet",
  "encoder": "mit_b2",
  "encoder_weights": "imagenet",
  "epochs": 40,
  "batch_size": 12,
  "lr": 0.0001,
  "threshold": 0.5,
  "patience": 15,
  "workers": 3,
  "seed": 42,
  "ckpt_dir": "experiments/2026-09-10-jaipur-selftrain/ckpt_t080",
  "resume": null,
  "init_weights": null,
  "save_every": 999,
  "boundary_relax": 0,
  "simulate_low_res": false,
  "log_dir": "experiments/2026-09-10-jaipur-selftrain/out_t080"
}

 Epoch    TrLoss    VaLoss      IoU       F1     Prec      Rec         LR   Time(s)  Note
────────────────────────────────────────────────────────────────────────────────
     1    0.3216    0.3422   0.5459   0.7063   0.7860   0.6412   9.98e-05     248.1  ← best
     2    0.2166    0.3887   0.4972   0.6642   0.8290   0.5540   9.94e-05     274.6  
     3    0.1777    0.3838   0.5430   0.7039   0.8239   0.6144   9.86e-05     277.9  
     4    0.1560    0.4064   0.5251   0.6886   0.8372   0.5848   9.76e-05     276.7  
     5    0.1402    0.3980   0.5481   0.7081   0.8313   0.6167   9.62e-05     278.0  ← best
     6    0.1298    0.4192   0.5433   0.7041   0.8335   0.6095   9.46e-05     277.5  
     7    0.1225    0.4156   0.5624   0.7199   0.8228   0.6399   9.27e-05     277.0  ← best
     8    0.1166    0.4286   0.5558   0.7145   0.8320   0.6261   9.05e-05     278.0  
     9    0.1125    0.4361   0.5582   0.7164   0.8323   0.6289   8.81e-05     278.2  
    10    0.1091    0.4459   0.5496   0.7093   0.8392   0.6143   8.55e-05     278.1  
    11    0.1043    0.4547   0.5479   0.7079   0.8425   0.6104   8.26e-05     233.5  
    12    0.1034    0.4441   0.5639   0.7211   0.8313   0.6368   7.96e-05     276.1  ← best
    13    0.1009    0.4537   0.5596   0.7176   0.8355   0.6289   7.64e-05     277.4  
    14    0.0979    0.4424   0.5614   0.7191   0.8348   0.6316   7.30e-05     278.3  
    15    0.0971    0.4464   0.5606   0.7184   0.8364   0.6296   6.94e-05     278.5  
    16    0.0948    0.4651   0.5613   0.7190   0.8368   0.6302   6.58e-05     279.7  
    17    0.0936    0.4672   0.5561   0.7147   0.8383   0.6229   6.21e-05     278.8  
    18    0.0921    0.4563   0.5673   0.7239   0.8354   0.6387   5.82e-05     279.4  ← best
    19    0.0907    0.4700   0.5605   0.7184   0.8379   0.6287   5.44e-05     278.8  
    20    0.0902    0.4791   0.5587   0.7169   0.8392   0.6257   5.05e-05     280.4  
    21    0.0880    0.4923   0.5474   0.7075   0.8453   0.6083   4.66e-05     202.1  
    22    0.0875    0.4775   0.5578   0.7162   0.8401   0.6241   4.28e-05     146.9  
    23    0.0869    0.4961   0.5551   0.7139   0.8393   0.6211   3.89e-05     146.8  
    24    0.0859    0.4899   0.5559   0.7146   0.8416   0.6209   3.52e-05     146.5  
    25    0.0849    0.4976   0.5561   0.7147   0.8419   0.6209   3.16e-05     146.8  
    26    0.0842    0.5034   0.5523   0.7116   0.8434   0.6155   2.80e-05     146.4  
    27    0.0841    0.4983   0.5561   0.7148   0.8425   0.6207   2.46e-05     146.5  
    28    0.0829    0.4971   0.5620   0.7196   0.8382   0.6304   2.14e-05     146.4  
    29    0.0826    0.5037   0.5556   0.7143   0.8420   0.6203   1.84e-05     146.7  
    30    0.0816    0.5052   0.5590   0.7171   0.8406   0.6253   1.55e-05     146.6  
    31    0.0818    0.5009   0.5585   0.7167   0.8411   0.6244   1.29e-05     146.5  
    32    0.0814    0.5018   0.5615   0.7191   0.8402   0.6286   1.05e-05     146.6  
    33    0.0810    0.5092   0.5581   0.7164   0.8418   0.6236   8.29e-06     146.8  
────────────────────────────────────────────────────────────────────────────────
Best val IoU : 0.5673  (epoch 18)  [PSPNet baseline 0.899 | gap -0.3317]
Checkpoint   : experiments/2026-09-10-jaipur-selftrain/ckpt_t080/unet_mit_b2_40ep_20260910_171610/best.pth
Log (JSON)   : experiments/2026-09-10-jaipur-selftrain/out_t080/unet_mit_b2_40ep_20260910_171610.json
